                  Mean            SD         Naive SE        MCSE         ESS    
      y[95]    1.1440000000  0.4748573359 0.01501630745 0.09861485126   23.186845
     y[186]    2.9850000000  0.1574795218 0.00497993974 0.01293144316  148.304451
      y[68]    1.6040000000  0.5305331898 0.01677693254 0.10580065112   25.144814
     y[106]    2.9680000000  0.2510757635 0.00793971278 0.03200000000   61.561562
     y[167]    1.8580000000  0.3999949950 0.01264895237 0.07150446761   31.292680
     y[178]    2.9980000000  0.0446989709 0.00141350557 0.00200000000  499.499499
      y[41]    2.4980000000  0.5002461856 0.01581917337 0.14424362108   12.027472
      y[71]    1.3310000000  0.6692435184 0.02116333827 0.13430024406   24.832174
     y[139]    1.4250000000  0.5391341815 0.01704891978 0.06476024158   69.306954
      y[39]    1.3120000000  0.4635416603 0.01465847437 0.14370339824   10.405033
      y[14]    2.1030000000  0.8191837780 0.02590486561 0.25679239345   10.176499
     y[145]    1.8130000000  0.4002389176 0.01265666588 0.09017328996   19.700752
      y[93]    1.0480000000  0.2138731908 0.00676326413 0.02528943565   71.521139
theta[2][1]    0.6938206974  0.1421127465 0.00449399964 0.04311051265   10.866750
theta[2][2]    0.2441545400  0.1391567709 0.00440052348 0.04208178370   10.935041
theta[2][3]    0.0620247626  0.0359623284 0.00113722868 0.00744852155   23.310707
      y[28]    1.9350000000  0.2735870060 0.00865158077 0.06500000000   17.715941
     y[200]    2.9810000000  0.1365930366 0.00431945108 0.00993870101  188.885173
      y[90]    1.4440000000  0.5226252358 0.01652686108 0.10616758241   24.232426
     y[162]    1.9700000000  0.2778078062 0.00878505419 0.03881580434   51.223790
      y[11]    1.6140000000  0.5130957681 0.01622551285 0.15173222027   11.435134
     y[154]    1.9600000000  0.3354288487 0.01060719155 0.04361447262   59.147933
     y[109]    2.9900000000  0.1411379464 0.00446317375 0.01000000000  199.199199
     y[148]    1.7830000000  0.4337039302 0.01371492250 0.10932164572   15.738901
      y[54]    1.8610000000  0.3461196308 0.01094526376 0.07854864027   19.416687
     y[191]    2.9760000000  0.1935496357 0.00612057689 0.01400000000  191.129905
       y[4]    2.9740000000  0.2266613672 0.00716766178 0.02600000000   75.999076
      y[83]    1.8620000000  0.3536680380 0.01118396536 0.06327716808   31.239031
     y[127]    1.4000000000  0.7379326152 0.02333547824 0.13732362425   28.876390
      y[77]    1.4490000000  0.5862957809 0.01854030050 0.15692496438   13.958844
      y[66]    2.1780000000  0.9355165371 0.02958363046 0.23415474465   15.962357
      y[43]    1.6540000000  0.4759312035 0.01505026613 0.14654692081   10.547146
      y[50]    1.7400000000  0.7829514755 0.02475909960 0.21931205571   12.745142
      y[48]    2.0210000000  0.5787001762 0.01830010639 0.13132191152   19.419267
      y[85]    1.8990000000  0.4158989925 0.01315188093 0.05526602332   56.631662
      y[16]    2.0200000000  0.1400700525 0.00442940398 0.02000000000   49.049049
     y[179]    2.9960000000  0.0893979418 0.00282701114 0.00400000000  499.499499
     y[161]    1.1980000000  0.5050257925 0.01597031781 0.06025501362   70.249096
     y[113]    2.0420000000  0.9732333652 0.03077634129 0.21571998311   20.354162
      y[99]    1.1740000000  0.3792991799 0.01199449323 0.09655395728   15.432051
     y[163]    1.1950000000  0.4829163574 0.01527115609 0.06749897119   51.185804
     y[123]    1.4670000000  0.5130050430 0.01622264387 0.10018926534   26.218080
      y[76]    1.8530000000  0.4686263017 0.01481926485 0.10723857100   19.096390
      y[98]    1.8650000000  0.3700160968 0.01170093637 0.05746979883   41.453565
     y[138]    1.9970000000  0.2665746838 0.00842983167 0.01725945795  238.552241
     y[124]    1.8580000000  0.3974845833 0.01256956618 0.08932835807   19.799849
     y[183]    2.9860000000  0.1543626504 0.00488137561 0.01400000000  121.570550
       y[9]    1.3320000000  0.4711666351 0.01489959724 0.14022838514   11.289565
      y[52]    1.9340000000  0.2484063319 0.00785529794 0.06600000000   14.165681
       y[5]    3.0000000000  0.0000000000 0.00000000000 0.00000000000 1000.000000
      y[40]    2.8710000000  0.3721525191 0.01176849597 0.10011604378   13.817662
     y[104]    1.8840000000  0.9744195675 0.03081385230 0.17955624312   29.450385
     y[150]    2.1280000000  0.7417318695 0.02345562121 0.16241784248   20.855778
      y[57]    1.4180000000  0.8135956846 0.02572815458 0.26426333668    9.478584
     y[158]    1.7810000000  0.4280446498 0.01353596034 0.07588661132   31.816165
     y[100]    1.8990000000  0.3014795016 0.00953361893 0.04329357150   48.491849
     y[137]    1.1630000000  0.4249842487 0.01343918195 0.04494564619   89.406771
     y[117]    1.3190000000  0.5094099513 0.01610895709 0.08336599360   37.338510
     y[133]    2.9220000000  0.3225213482 0.01019902054 0.06858571280   22.113099
     y[144]    1.3680000000  0.4927664952 0.01558264480 0.08842825089   31.052765
      y[18]    3.0000000000  0.0000000000 0.00000000000 0.00000000000 1000.000000
     y[143]    1.7970000000  0.4073781498 0.01288242822 0.09744571138   17.477125
      y[30]    1.1180000000  0.4714852048 0.01490967130 0.11800000000   15.965118
     y[126]    1.8800000000  0.4263587477 0.01348264743 0.05383101130   62.731443
      y[55]    1.3090000000  0.4896516708 0.01548414540 0.13871193171   12.460826
     y[177]    2.9780000000  0.2087092704 0.00659996663 0.02200000000   89.999090
      y[10]    1.9510000000  0.7740789354 0.02447852525 0.23658895438   10.704874
      y[87]    1.8360000000  0.3914808517 0.01237971152 0.06805553288   33.089802
     y[129]    2.9900000000  0.1338578273 0.00423295617 0.01000000000  179.179179
      y[47]    3.0000000000  0.0000000000 0.00000000000 0.00000000000 1000.000000
     y[103]    2.1540000000  0.6137268616 0.01940774744 0.12695756071   23.368623
     y[190]    1.4490000000  0.7375248762 0.02332258440 0.08599030953   73.562134
     y[159]    1.4040000000  0.5030278690 0.01590713793 0.05750748744   76.513013
     y[116]    1.9570000000  0.3758886701 0.01188664344 0.02265931253  275.185161
     y[151]    1.5800000000  0.8427990925 0.02665164742 0.13062244150   41.630586
      y[63]    1.1840000000  0.3978722186 0.01258182428 0.10134868305   15.411717
     y[108]    2.9870000000  0.1444017031 0.00456638280 0.01300000000  123.383739
     y[155]    1.8330000000  0.4304605630 0.01361235822 0.07529276194   32.685888
     y[156]    1.4390000000  0.7879720172 0.02491786307 0.14792978815   28.373331
     y[119]    1.1710000000  0.4582237106 0.01449030603 0.08916214942   26.411560
      y[51]    1.9600000000  0.9150066870 0.02893505205 0.25167439282   13.218144
     y[130]    2.9960000000  0.0893979418 0.00282701114 0.00400000000  499.499499
     y[192]    2.9730000000  0.1740726897 0.00550466178 0.01989137166   76.582901
      y[65]    2.8380000000  0.4023902557 0.01272469716 0.10347087620   15.123721
     y[149]    1.2690000000  0.5337826561 0.01687968969 0.14990700821   12.679001
      y[69]    1.5880000000  0.5123656102 0.01620242323 0.11664571240   19.294005
       y[1]    2.9740000000  0.2266613672 0.00716766178 0.02600000000   75.999076
     y[118]    1.9250000000  0.3598673429 0.01138000459 0.06126898799   34.498758
      y[33]    2.1480000000  0.9321829032 0.02947821170 0.27146434184   11.791707
     y[197]    2.5580000000  0.7970390651 0.02520458830 0.08929103476   79.678932
      y[22]    1.7350000000  0.4415540397 0.01396316475 0.13495060825   10.705773
       y[6]    2.0200000000  0.1400700525 0.00442940398 0.02000000000   49.049049
     y[193]    2.6790000000  0.7186622819 0.02272609679 0.07202545846   99.558339
      y[74]    2.8540000000  0.3532829019 0.01117178629 0.10240659701   11.901162
      y[73]    1.1290000000  0.4760100688 0.01505276007 0.07569602955   39.544499
      y[23]    1.6800000000  0.6511712709 0.02059184363 0.20786213380    9.813856
     y[176]    2.9800000000  0.1778528370 0.00562420053 0.01788854382   98.848849
       y[8]    1.6810000000  0.4663222667 0.01474640487 0.14217711958   10.757538
      y[84]    1.3250000000  0.4686092131 0.01481872446 0.06351290333   54.437443
     y[110]    2.9970000000  0.0547174012 0.00173031615 0.00300000000  332.665999
     y[195]    2.9730000000  0.2287429197 0.00723348625 0.01054619468  470.439470
      y[35]    1.4220000000  0.4941256522 0.01562562511 0.15117906969   10.682957
       y[7]    1.6210000000  0.5114886320 0.01617469074 0.15006998367   11.616741
      y[53]    1.1320000000  0.4968126637 0.01571059588 0.13200000000   14.165681
     y[120]    1.9050000000  0.3634654139 0.01149378559 0.03658323842   98.710167
      y[42]    1.5900000000  0.5061187175 0.01600487914 0.14538836878   12.118405
      y[79]    1.6650000000  0.4990230696 0.01578049505 0.12260369761   16.566628
     y[152]    1.9580000000  0.3199036391 0.01011624131 0.02318045153  190.455965
      y[32]    2.9410000000  0.2357426024 0.00745483565 0.05900000000   15.965118
  phi[3][1]    0.0733970362  0.0360702742 0.00114064222 0.00468223643   59.346104
  phi[3][2]    0.0025159443  0.0067652407 0.00021393570 0.00061555274  120.791387
  phi[3][3]    0.0014259909  0.0038467714 0.00012164559 0.00039238252   96.111083
  phi[3][4]    0.5414648853  0.0739443812 0.00233832665 0.01645037446   20.204997
  phi[3][5]    0.1213255874  0.0448359402 0.00141783692 0.00508563851   77.725153
  phi[3][6]    0.0603320356  0.0597801616 0.00189041470 0.01476094739   16.401581
  phi[3][7]    0.0115319919  0.0194617761 0.00061543540 0.00399360370   23.748436
  phi[3][8]    0.0625921462  0.0349014037 0.00110367929 0.00421223074   68.653310
  phi[3][9]    0.0049226401  0.0134838696 0.00042639740 0.00255613316   27.826728
 phi[3][10]    0.1204917421  0.0632451629 0.00199998766 0.01543456960   16.790576
     y[174]    2.8000000000  0.5919040043 0.01871764810 0.07423685817   63.571636
      y[89]    1.9490000000  0.2871958939 0.00908193159 0.04881825706   34.609228
      y[38]    2.0000000000  0.0000000000 0.00000000000 0.00000000000 1000.000000
     y[157]    1.9690000000  0.2830532090 0.00895092839 0.04180510336   45.843478
     y[184]    2.9840000000  0.1666486477 0.00526989296 0.01600000000  108.483483
     y[194]    2.9780000000  0.2087092704 0.00659996663 0.02200000000   89.999090
    elapsed    3.3694887564  0.4477562795 0.01415929680 0.08726528853   26.326936
     y[173]    2.9660000000  0.1920439556 0.00607296311 0.03183987716   36.379650
      y[88]    1.2480000000  0.5592931332 0.01768640181 0.14953111902   13.989939
     y[196]    2.9690000000  0.1734043514 0.00548352706 0.02592510581   44.738241
      y[60]    1.9250000000  0.3542604981 0.01120270059 0.07137148512   24.637463
      y[70]    1.7380000000  0.4555914437 0.01440706645 0.11156263811   16.676833
theta[1][1]    0.0685265500  0.0636826851 0.00201382332 0.01382287871   21.224904
theta[1][2]    0.6650319656  0.1067305472 0.00337511625 0.02607785500   16.750730
theta[1][3]    0.2664414844  0.0792888345 0.00250733310 0.01583449812   25.073529
     y[172]    2.9580000000  0.2834013344 0.00896193709 0.03405224744   69.264742
     y[125]    1.2890000000  0.6031938684 0.01907466495 0.18508526564   10.621116
      y[21]    1.2910000000  0.4822359916 0.01524964103 0.13327040182   13.093382
     y[141]    1.5980000000  0.5278964621 0.01669355189 0.04896257074  116.243607
      y[61]    1.1660000000  0.5520405318 0.01745705441 0.09126518139   36.587412
      y[19]    2.0430000000  0.7705483403 0.02436687803 0.23643674277   10.621108
      y[58]    2.9740000000  0.2266613672 0.00716766178 0.02600000000   75.999076
       y[2]    3.0000000000  0.0000000000 0.00000000000 0.00000000000 1000.000000
      y[34]    1.8900000000  0.3130463193 0.00989939382 0.09915195969    9.968151
     y[199]    2.4130000000  0.9073335959 0.02869240761 0.12642125349   51.510267
      y[86]    1.4360000000  0.5867267237 0.01855392811 0.14165058732   17.156748
     y[111]    2.9940000000  0.1094348024 0.00346063231 0.00600000000  332.665999
theta[3][1]    0.0748768764  0.0535926309 0.00169474779 0.01235984736   18.801129
theta[3][2]    0.2079221730  0.0883616871 0.00279424189 0.02398103016   13.576641
theta[3][3]    0.7172009506  0.0776221103 0.00245462665 0.01637418258   22.472513
     y[175]    2.9810000000  0.1862086831 0.00588843559 0.01900000000   96.048958
     y[171]    2.6030000000  0.7861354902 0.02485978699 0.12653545836   38.598491
      y[37]    1.0260000000  0.2266613672 0.00716766178 0.02600000000   75.999076
     y[107]    2.9960000000  0.0631505185 0.00199699474 0.00400000000  249.249249
     y[131]    2.9630000000  0.2089848671 0.00660868177 0.03700000000   31.902611
     y[169]    1.9520000000  0.5078916754 0.01606094499 0.08934079571   32.317857
      y[46]    3.0000000000  0.0000000000 0.00000000000 0.00000000000 1000.000000
      y[62]    2.0610000000  0.2556253985 0.00808358487 0.04357496733   34.413898
     y[147]    1.7850000000  0.5109168582 0.01615660967 0.07769241347   43.245731
     y[165]    1.4630000000  0.5262203986 0.01664055011 0.03983437934  174.509570
     y[112]    2.3840000000  0.5165373276 0.01633434452 0.09996888405   26.697693
      y[97]    1.2830000000  0.4638169101 0.01466717853 0.10231813134   20.548871
      y[29]    1.7260000000  0.5632417254 0.01781126726 0.16357261384   11.856826
     y[121]    1.5010000000  0.5369239120 0.01697902492 0.10659841566   25.370206
      y[81]    1.6900000000  0.6215193370 0.01965416715 0.14580047249   18.171527
      y[20]    1.9800000000  0.1400700525 0.00442940398 0.02000000000   49.049049
     y[198]    2.2250000000  0.6948797435 0.02197402689 0.04621808208  226.045291
      y[36]    2.0130000000  0.1133306836 0.00358383089 0.01300000000   75.999076
      y[45]    2.9740000000  0.2266613672 0.00716766178 0.02600000000   75.999076
     y[142]    1.5310000000  0.5170167370 0.01634950477 0.07385345851   49.008062
      y[67]    1.9590000000  0.3184657288 0.01007077060 0.04733920151   45.256769
       y[3]    2.9870000000  0.1133306836 0.00358383089 0.01300000000   75.999076
     y[134]    2.4770000000  0.6825957346 0.02158557243 0.14508273502   22.135823
      y[91]    2.3520000000  0.9364683513 0.02961372947 0.25295058806   13.706129
     y[102]    2.9550000000  0.2258894111 0.00714325038 0.02423266849   86.893895
      y[12]    3.0000000000  0.0000000000 0.00000000000 0.00000000000 1000.000000
     y[164]    1.8960000000  0.3785859576 0.01197193916 0.03709447398  104.162302
      y[94]    2.0070000000  0.0834143750 0.00263779415 0.00700000000  141.999142
      y[72]    1.9030000000  0.3188929173 0.01008427948 0.06653403473   22.972170
     y[136]    1.9060000000  0.3567790511 0.01128234423 0.04967002226   51.595281
         lp -487.1164338668 47.3708764680 1.49799864397 7.29653872142   42.149173
     y[140]    1.7460000000  0.4729774918 0.01495686156 0.05635601121   70.436936
      y[27]    2.9280000000  0.2586172517 0.00817819558 0.07200000000   12.901791
      y[78]    1.6990000000  0.4885055144 0.01544790075 0.11346511946   18.535922
     y[168]    1.2870000000  0.5558236590 0.01757668740 0.07483389012   55.166752
     y[101]    1.5020000000  0.8629836272 0.02728993845 0.17621829896   23.982978
     y[135]    1.7540000000  0.8945860966 0.02828929628 0.18436196282   23.545160
      y[31]    3.0000000000  0.0000000000 0.00000000000 0.00000000000 1000.000000
      y[82]    1.8410000000  0.3658590615 0.01156947937 0.10467356665   12.216691
     y[114]    1.8910000000  0.4304698646 0.01361265236 0.06520821352   43.579366
     y[182]    2.6490000000  0.7485715459 0.02367191077 0.07312774211  104.785768
      y[92]    1.9910000000  0.2469412480 0.00780896792 0.01538036266  257.782912
  phi[1][1]    0.0305572260  0.0334977158 0.00105929078 0.00680611029   24.223251
  phi[1][2]    0.0010017215  0.0306085350 0.00096792687 0.00099401042  948.207132
  phi[1][3]    0.0017306905  0.0050086799 0.00015838837 0.00053780686   86.734900
  phi[1][4]    0.0045092748  0.0218325197 0.00069040489 0.00293234179   55.434297
  phi[1][5]    0.0027715733  0.0092479869 0.00029244702 0.00113635866   66.231344
  phi[1][6]    0.4343996463  0.0924701549 0.00292416305 0.01726936613   28.671497
  phi[1][7]    0.0567063159  0.0778987203 0.00246337383 0.02265222025   11.826033
  phi[1][8]    0.0550852704  0.0409743667 0.00129572324 0.00600718375   46.524602
  phi[1][9]    0.0429252028  0.0345678391 0.00109313106 0.00720943845   22.990139
 phi[1][10]    0.3703130786  0.0919489990 0.00290768265 0.02042333822   20.269384
      y[15]    2.0730000000  0.8404625973 0.02657776095 0.26065750197   10.396719
      y[59]    1.8530000000  0.9360914845 0.02960181189 0.24163356095   15.007974
      y[26]    2.9740000000  0.2266613672 0.00716766178 0.02600000000   75.999076
      y[64]    2.0500000000  0.6179659229 0.01954179833 0.17249154569   12.834928
     y[115]    1.3360000000  0.5053309404 0.01597996744 0.09089921158   30.905199
     y[189]    2.0160000000  0.4999939940 0.01581119837 0.02963481436  284.659153
     y[122]    1.8220000000  0.4455496768 0.01408951790 0.05368219237   68.886129
      y[49]    1.4620000000  0.4988033729 0.01577354763 0.13815289437   13.035833
      y[96]    1.9890000000  0.2119526455 0.00670253116 0.03433333333   38.110596
      y[75]    1.8310000000  0.8872577000 0.02805755204 0.23205100014   14.619505
  phi[2][1]    0.0028793344  0.0164626771 0.00052059556 0.00101536158  262.881163
  phi[2][2]    0.0014229604  0.0041047991 0.00012980515 0.00039869333  106.000004
  phi[2][3]    0.0020874359  0.0047541647 0.00015033989 0.00051988633   83.624139
  phi[2][4]    0.0133766134  0.0280035285 0.00088554932 0.00702305456   15.899132
  phi[2][5]    0.0012267467  0.0051094986 0.00016157653 0.00046147842  122.589638
  phi[2][6]    0.6566619851  0.0833754214 0.00263656232 0.01872146342   19.833369
  phi[2][7]    0.2518754245  0.0785586141 0.00248424150 0.01914917369   16.830133
  phi[2][8]    0.0051429849  0.0130751674 0.00041347310 0.00223512866   34.220745
  phi[2][9]    0.0073875048  0.0156384424 0.00049453097 0.00324927245   23.164063
 phi[2][10]    0.0579390097  0.0524454430 0.00165847053 0.01418599870   13.667708
     y[160]    1.8620000000  0.3620595077 0.01144932693 0.03834927205   89.134465
      y[13]    2.9870000000  0.1133306836 0.00358383089 0.01300000000   75.999076
     y[128]    2.9780000000  0.1988857852 0.00628932075 0.02200000000   81.726354
     y[105]    2.8200000000  0.5584907447 0.01766102805 0.09285592185   36.175351
     y[180]    2.9930000000  0.1046993885 0.00331088537 0.00700000000  223.713509
      y[56]    2.2330000000  0.4847122300 0.01532794657 0.12181087344   15.834190
      y[24]    1.8900000000  0.9092451412 0.02875285598 0.27648588471   10.814739
      y[25]    2.3390000000  0.9343189776 0.02954576030 0.28045379893   11.098587
     y[146]    1.8430000000  0.9619128216 0.03041835427 0.21623058680   19.789607
      y[17]    1.0260000000  0.2266613672 0.00716766178 0.02600000000   75.999076
     y[153]    1.1180000000  0.3823901440 0.01209223810 0.05019517462   58.034927
     y[166]    1.6480000000  0.5180389603 0.01638183031 0.03940671122  172.816205
      y[44]    1.6620000000  0.8686256446 0.02746835471 0.22781473955   14.537899
     y[132]    2.8060000000  0.5785315019 0.01829477244 0.08574121270   45.527602
     y[170]    2.8700000000  0.3784748912 0.01196842693 0.07169379332   27.868335
     y[188]    2.9760000000  0.1773568591 0.00560851633 0.01194431524  220.482164
     y[187]    2.9950000000  0.0947838804 0.00299732948 0.00500000000  359.359359
     y[181]    2.9820000000  0.1603175028 0.00506968458 0.01481740718  117.062407
      y[80]    1.5140000000  0.5177567692 0.01637290665 0.13038575246   15.768533
     y[185]    2.9780000000  0.2038567084 0.00644651515 0.02200000000   85.862722

