-842.058586933941
-1363.2751330732501
-2154.3523964699916
-2924.8543916337753
-3840.8609180942913
-4840.938093058205
-5525.600510157308
-6933.95844911479
-7693.5705064080375
-7693.5705064080375
-8330.632470871353
-9042.145469568008
-10152.884120891751
-11231.824858473323
-12221.429193503836
-12221.429193503836
-12890.146389580705
-13585.818496382182
-14669.161372625447
-14669.161372625447
-14669.161372625447
-15373.968774938536
-16223.107859336804
-16223.107859336804
-16850.227431043622
-17834.264023341108
-18801.895450225187
-19662.727447904555
-20689.72604769589
-21548.452722177
-22272.20678210553
-22930.287104886353
-23603.583273934448
-24428.71558288274
-25178.266378335233
-25952.961232261005
-26466.878523837688
-27205.87979285301
-27839.322633648073
-28708.59000790181
-29261.514605444354
-30288.075400963226
-31195.841408563487
-32014.056873024718
-32841.11600040016
-33307.87472284708
-34009.592723388065
-35080.75284313639
-36216.782573397424
-36871.86091261087
-37585.601946773306
-38304.24199830956
-38890.72990203021
-39541.97363024527
-40613.95106866938
-41183.28798405083
-41890.61704677593
-42477.098487548414
-43584.407616059776
-44406.768831984
-45602.64474799314
-46378.18368176297
-47120.344644014556
-48011.517290750184
-48775.92027123247
-49466.475406252066
-50373.783206736945
-51887.237476903
-52561.57703589382
-53849.22816950452
-54499.27001187711
-55150.9340574889
-55885.738462107365
-56712.38029946116
-56712.38029946116
-57327.76113127462
-58024.68191081767
-58815.822603007706
-60269.22679058274
-61277.6345405288
-62165.50502799445
-63052.48089901266
-63560.129329212206
-64381.75737318748
-65048.29348997151
-66158.86165668436
-66806.58618623567
-67773.17232804405
-68773.02943716009
-69444.90338233917
-70559.66287680365
-71280.25707670445
-72247.61771732391
-73424.45805035486
-73424.45805035486
-74165.47902892216
-75134.17685739824
-76162.11525795373
-77222.38203905291
-78248.67723509343
-79128.61260473484
-79849.19598084969
-80548.76022599521
-81280.65313809518
-81957.25613099085
-82811.24665321359
-83428.81343350161
-84008.63479921107
-84908.85843689487
-85414.12555506814
-86121.10196115513
-87003.06903203369
-87651.00559139345
-88425.40027975499
-89093.67843057944
-89662.08348138149
-90399.6949506816
-91488.57769400574
-92326.13662798132
-93153.64123062784
-93660.99333220047
-94361.41334628756
-95643.17292259153
-96746.1759740937
-97747.17791245421
-98399.1000847056
-99317.82191177737
-100544.38711185097
-101234.90902129082
-102171.72193255779
-102969.00121762918
-103707.2389978169
-104415.9291763152
-105175.28369952772
-106183.3772820874
-106736.15784107998
-107265.72288256843
-108382.1578254523
-109655.58939984103
-110418.87810761057
-111413.93772207078
-112157.32144435012
-112780.85250399566
-114168.17137779327
-114765.42936106915
-115698.21597599554
-116630.89352670786
-117248.9535597617
-117248.9535597617
-117967.48969346588
-119031.07198521314
-119985.94811720897
-120671.26842181479
-121419.04728245322
-122712.45301748948
-123450.78028520386
-123933.32206699112
-124961.05116522744
-125846.80890421268
-126301.38251319472
-126910.90651775069
-127906.98538622774
-128915.13888959787
-128915.13888959787
-129623.36530938446
-130179.73554244776
-130970.70147252233
-131685.10338343418
-132318.71408895173
-133255.34449925597
-133874.85661867054
-135707.44258204263
-136426.2578587532
-137202.89877686754
-138053.91817660298
-138897.36802711934
-139986.8128081374
-140973.30202584394
-141881.49872175796
-142490.10948154013
-143075.78909615625
-143828.2211922326
-143828.2211922326
-144403.96954929666
-145140.07016812492
-145673.51056629064
-146335.3208455379
-147137.2626937591
-148307.290743883
-149292.33852129334
-150087.40117878042
-151188.64891800628
-152694.76585726906
-153412.52536864096
-154401.60765772712
-155107.1824716216
-156155.14739715826
-156889.0553813808
-157603.99504366683
-158486.1074399165
-159533.96430065768
-160173.68297905437
-160822.04544588632
-161762.88345919328
-162540.0095381425
-163461.217039246
-164112.96307424063
-164753.16478358535
-165460.8279110344
-166533.91840460242
-167531.6394810333
-168301.5312264658
-169307.36381080258
-169895.6181826508
-170919.0231267196
-171834.6135854686
-171834.6135854686
-172474.0936100822
-173188.42978616498
-173871.33293097775
-174932.79286594372
-176051.84769893243
-176640.64153803737
-177298.1885605401
-178274.7074098644
-179018.77944912098
-179788.47659969388
-180596.2648271002
-182062.1354926254
-183099.0086640778
-184109.56367497164
-185019.47152505183
-185614.32452552218
-186344.99290446346
-187124.60779668723
-188066.11832954318
-188936.12404056918
-189743.14904120352
-189743.14904120352
-190358.59046966364
-190959.58090792072
-191654.79449830487
-192190.55149995975
-193048.22834665145
-193587.10339368397
-194171.71936594366
-194809.339102383
-195492.47383346377
-196308.6555752625
-196308.6555752625
-196308.6555752625
-197124.73446458648
-198821.9531384962
-199602.98636458014
-200241.9907083364
-200861.4541045205
-202091.26390910006
-203123.75174379518
-203972.1883623913
-204856.10302044798
-205407.5918251131
-206351.05995452352
-207712.42931459335
-208594.5135580425
-209188.75784604345
-209997.7484073599
-210765.90464794324
-211339.68954418832
-212317.54251799383
-213226.29050538456
-213889.89134671938
-214623.72476712312
-215347.07040774293
-215956.43555194148
-216972.47915938828
-216972.47915938828
-217759.36585707637
-219092.0577286495
-219902.69296529895
-220830.83523864546
-221374.04135682265
-222137.68069053296
-222804.3088981764
-223583.54350218253
-224318.72407209798
-224318.72407209798
-225589.7535116777
-226398.75324180303
-227432.53256630257
-228130.11659685156
-228900.39642404008
-230600.1498129763
-231332.0959930085
-231966.4707452167
-232792.90287801158
-233695.6877070336
-234786.32772580584
-235553.33348647694
-236187.82284979513
-236802.81239949845
-237679.32378037603
-239165.59755347142
-239165.59755347142
-239930.42588838068
-241333.1796795441
-241828.67413763783
-242532.05443633196
-243597.84551739055
-244456.59492124026
-244456.59492124026
-245626.0638520844
-246177.8339653063
-246912.596900781
-247791.85409098887
-248448.9693773106
-248448.9693773106
-250198.6950794202
-251701.71148652886
-252782.78489857854
-253314.21734902007
-253901.76543359002
-254744.3381809633
-255795.99470823383
-256888.00960006466
-257370.90285110517
-258076.3195722872
-258902.24111773315
-259705.17626522412
-260526.0600983599
-261101.37414764892
-262170.9704192031
-262784.9722477953
-263682.20793416374
-264514.31021567923
-265287.4035710816
-265956.468865988
-266690.43935822253
-267694.02860494074
-269064.2769994426
-269908.7458516987
-270860.85800247866
-271446.13967085717
-271446.13967085717
-272481.7928471669
-272481.7928471669
-273281.6528658621
-273907.0690581907
-274476.71236561553
-275338.7860865999
-276269.2634967715
-276809.1668253803
-277504.28976342594
-278279.5507570641
-278853.7850233664
-279543.43353274465
-280233.2991673298
-280977.6086404114
-281721.1844224933
-282696.0783468793
-283794.8637175634
-284893.17985862575
-285825.09601858794
-287221.59186534496
-288364.94683982607
-289403.7081636196
-290790.88275060535
-292377.11368601426
-292377.11368601426
-293268.2011797078
-294195.8894968323
-294931.50392538845
-295584.2477575377
-296305.2423529205
-296918.82472460484
-297716.5594427694
-298485.0441625779
-299412.09084594855
-299412.09084594855
-300218.7213673539
-301149.2197886407
-301764.58969413745
-302649.1043465037
-303384.8338971261
-304154.34813097736
-305379.13903950946
-306164.8254022762
-307114.59207211883
-307114.59207211883
-307915.29314126074
-308619.5035562597
-309485.6599514998
-310882.4435744575
-311449.2021487713
-313399.54113956774
-314558.11330849404
-315230.36905610864
-315827.97128637636
-316436.2976276669
-317214.0533318415
-318399.8535083587
-319054.7679857017
-319715.7508628728
-320311.8273661509
-320955.778709376
-320955.778709376
-320955.778709376
-321986.9609138824
-322905.1903664881
-323476.95886093256
-325101.2166952929
-325101.2166952929
-325687.5467675517
-326272.38645444665
-327285.77390421793
-327875.9978738089
-329026.34444635396
-329789.3042583001
-330775.69995850394
-331860.68515128887
-332540.2801427984
-333179.1385913177
-333884.73583794915
-334505.7605211319
-335520.276555492
-337231.8936110642
-338100.41363493307
-338881.58677676186
-339396.57069852663
-340270.73524389666
-340966.03327493946
-342191.39991808386
-343095.229761769
-343707.9939377583
-344448.86864803603
-345219.11084310483
-346102.25746757194
-346757.1021603853
-348280.4596596916
-348874.83131886856
-349730.07874558936
-350877.7920759766
-351589.2334494256
-353039.29356991476
-353565.8365988298
-354148.8831455534
-355182.70565438416
-355899.96919898054
-356473.92032701016
-357282.9611749005
-357918.3250054469
-358655.12409463956
-359288.1949914252
-360034.1246621202
-360837.3427327396
-361875.90193019714
-362492.0301094193
-362989.4363755225
-363636.4959237784
-364547.2130090542
-365538.3588140361
-366148.3822567916
-367323.0553712139
-368085.5688926859
-368731.0159945486
-369658.85729823995
-370546.0352606643
-371183.62285860826
-371827.64492824127
-372737.0759868162
-373412.1987734619
-373974.6897719362
-374594.657649629
-375194.53419494815
-375875.6334853079
-376694.1565611138
-377425.2613953326
-378054.28834368085
-378839.6608661153
-378839.6608661153
-379446.39660206187
-380487.2890296026
-381149.32669126434
-382132.58962888183
-383121.8652036865
-383995.2882942313
-384826.2612016341
-384826.2612016341
-385780.0864472033
-386710.3735840859
-387300.6919392753
-388920.73424219555
-389928.7861891679
-390701.894033926
-391374.76176618686
-392080.7648259898
-392627.3161373341
-393177.6479480357
-394008.8854599086
-395098.69245217554
-395995.3360575434
-396791.7719017329
-397405.88458319596
-398031.582717735
-398853.18081156944
-400120.3364014264
-400722.35168300907
-401947.2256823652
-402984.8032871402
-403735.1749168201
-404584.778055621
-405298.35094814596
-406643.1694391198
-407440.57181080047
-408426.3107732859
-409348.9188595774
-410626.95985507604
-411469.0806246094
-412322.4648250131
-412322.4648250131
-413198.5042212167
-414060.97984567424
-414663.5110209103
-415416.33734726586
-416106.2744111692
-416864.74052287097
-418060.2484726424
-418928.7820922189
-419687.5033938791
-420405.12718428025
-421272.29661490046
-422185.10392226384
-422895.56749240565
-423629.25423801696
-424286.79828000406
-425084.6425396757
-426131.48393012735
-426788.487071491
-428015.5473677142
-428890.559125979
-429541.95220364723
-430092.1187989651
-431170.5399939827
-431836.6343681648
-432600.9614763006
-433279.0484775951
-433842.45701172337
-434412.3486846873
-435238.29005581187
-436132.0540063536
-436696.37360110506
-437588.1195384447
-438359.76475554885
-439631.5009410865
-440482.058414761
-441532.7636755422
-442605.7688923581
-443218.1823994206
-443769.21237298974
-444599.50863871386
-445787.6332065962
-445787.6332065962
-446710.12949209486
-447905.60901387286
-448704.6574783165
-448704.6574783165
-449570.2314023815
-450379.4215263667
-451110.9131027179
-451889.10718389176
-452530.3424696322
-453554.7917510041
-454358.45341636566
-455505.160399156
-456685.2594280936
-457394.0393925234
-458913.56259450596
-459887.94495864806
-460471.3235287081
-461661.00909683097
-462590.408034411
-463592.8250012574
-464244.87119831244
-464887.80486898666
-465774.6340161162
-466784.339234913
-467484.13340361335
-468286.6942653994
-468940.1129091406
-468940.1129091406
-469714.111335143
-470272.50076247135
-471818.3249787036
-472722.71624856914
-473582.1548963747
-474606.01154438773
-475473.9194279116
-476027.1406391435
-476808.95671909285
-478025.2079026655
-478614.8584704974
-479291.2926359926
-480265.230666957
-480265.230666957
-480748.8645361888
-481395.65009184554
-482452.2743582655
-483398.90174110373
-484172.10270344943
-485094.7252085945
-485802.65467878344
-486680.8697723822
-487316.7129765516
-487866.97978476837
-488758.6960442756
-489988.93828631873
-490853.79694081785
-491457.34871179156
-492286.86062123894
-493048.86501445493
-493938.6838407807
-494665.2207208055
-495776.180667341
-496385.12590384827
-496385.12590384827
-496385.12590384827
-497673.79700819275
-498285.177684965
-499230.53409405996
-499886.45659521956
-500864.1958004537
-501503.01251727843
-502333.17987208924
-502962.32180056494
-503675.30865392316
-503675.30865392316
-504357.87152420735
-505145.0538660638
-505145.0538660638
-505883.3557899254
-506690.6078625205
-507225.4658358258
-508519.75794018677
-509267.89514657925
-510365.64437485265
-511384.30466085975
-512699.8785532451
-514127.05762932595
-514790.7159442673
-515927.2475596789
-516895.26722257654
-517605.88311788894
-518320.1346814995
-518320.1346814995
-519023.6072237736
-519595.23348657385
-520647.7191583042
-520647.7191583042
-521409.3882474981
-522717.6655952974
-523319.22443380696
-524756.203273425
-525485.6346845377
-526236.299441431
-527106.5198099735
-527752.4173646095
-528517.9785758922
-529420.1035484761
-530228.6418207505
-531064.454181668
-531598.221095499
-532221.0495485023
-533161.5228489575
-533161.5228489575
-533864.4100210911
-534531.6048070255
-534531.6048070255
-535647.0779071873
-536416.2314835708
-537242.2306478134
-538169.6161578259
-538727.3155284405
-539514.6327947084
-540265.4713970781
-541011.7377887461
-541822.0306235366
-542925.87769597
-544036.0823810713
-544693.7101996801
-545292.522261176
-546106.3004918597
-546947.306121157
-547661.8444802475
-548369.339090359
-548828.6315148681
-549736.3664703814
-550379.2097628005
-551343.4149665849
-552252.832886843
-553189.4735166568
-553768.9078957519
-554609.9289297808
-555398.4488628746
-556357.5927994007
-556357.5927994007
-557216.6784656583
-557968.9208423457
-558967.8840070335
-559607.6410585237
-560456.5087688966
-561024.7761895988
-561861.514401064
-562992.4986876083
-563704.4642592337
-564379.5088452238
-565061.6306451688
-566401.306885512
-567144.4587954493
-568309.7030604905
-569543.3945017003
-570353.9841407086
-570961.2712802022
-571671.7457768689
-572709.1571080452
-572709.1571080452
-573422.5850425613
-574176.8561474149
-574941.0679915008
-576104.0565091978
-576906.1668908374
-578387.1755870243
-579192.8656915495
-579873.0057218837
-580720.8968370679
-581851.5317550568
-582612.7924795145
-583384.3266839101
-584148.580255954
-584824.3566943917
-585511.5437339619
-586298.8448112126
-587108.1496465037
-587834.034601284
-588481.7872204854
-589287.1256225704
-590158.4634169424
-591310.9746980079
-591743.2732538991
-592731.0608899414
-593293.2824771387
-594083.2791554494
-595082.8115188658
-595705.309290305
-596604.130841064
-597307.2400278759
-597885.2386278134
-597885.2386278134
-599483.1339557511
-600338.9135720963
-601299.6066290316
-602271.5182830082
-603192.270951201
-603987.6302299206
-605014.635758146
-605740.4645851502
-606938.9189234474
-607820.2717089199
-608570.260696112
-609126.5260547831
-610139.4936972135
-610779.6615039804
-611364.0429673668
-612647.8716863443
-613766.9557719253
-614589.0667240309
-615479.1116445573
-616046.474546519
-616841.324238181
-617606.62061255
-618484.1044989579
-619205.3769639896
-620164.7525789032
-621113.1616227989
-622009.268276769
-623220.480653723
-623220.480653723
-623995.5226822514
-624637.9216672968
-626122.4258248325
-627114.5876498622
-627736.8643197028
-628506.1538913266
-629142.0505228502
-629901.9252169644
-630749.6130900236
-631343.2027883081
-632411.7410156961
-633023.5787892129
-633809.5294418436
-633809.5294418436
-634387.6154857671
-635104.677036982
-635781.5524229232
-636410.7837372314
-637872.8988253522
-638725.2431289944
-639219.4333074096
-640249.4893693982
-640815.4158208315
-641596.8176459412
-642315.7888315695
-642988.0700860017
-643642.5175807145
-644527.6639343196
-645203.569395029
-645819.0931269397
-646785.4431190154
-647915.0692958432
-648430.6331240684
-649287.3118445668
-650064.111950764
-650703.5878215692
-651484.1223127827
-651484.1223127827
-652164.6140487216
-653368.3810225528
-654152.8963450784
-655306.945094735
-655928.3321613183
-657163.7747225295
-657769.6171374675
-658501.0534116332
-659467.3413635902
-660065.5594155364
-661028.4494868945
-662016.2367802587
-662570.8760422567
-663155.2788585394
-663753.0819194287
-664597.4903344236
-665350.3201060233
-666560.0988681219
-667543.6003782683
-668412.3272175642
-669020.6260054482
-670463.4481367628
-670990.0055627035
-671683.5964525803
-672232.1013432007
-672917.0714342309
-673760.2689091855
-674606.7730902919
-675982.3936678179
-676628.3967236552
-677542.292526462
-678185.5520100627
-678950.0623971062
-679688.1155886755
-679688.1155886755
-680514.0071891897
-681037.5923002731
-681725.8642655652
-682627.3309654703
-683449.055867841
-684050.6135642823
-685016.4822932705
-685681.9880645932
-686399.5321390174
-687989.4377298998
-688866.5167065575
-689699.4073844184
-690425.0451644555
-691088.2475981059
-692221.0276299804
-693516.6007488451
-693516.6007488451
-694151.2596374617
-694900.354082071
-696459.9348216077
-697108.0134320951
-697772.666542727
-698636.4783640814
-699940.1992048882
-700891.0743467357
-701475.2697691234
-702353.520843464
-703128.602703408
-704594.9174619778
-704594.9174619778
-705846.9551285518
-706635.2922660845
-707691.338380316
-708364.1051525635
-709359.773418049
-710395.37181392
-711145.5597950658
-711901.3768045029
-712678.9719225686
-713980.455343802
-714585.941047858
-715303.4149478135
-716037.3892032763
-716982.569173618
-717936.1782179672
-719105.7304319582
-719734.0373603349
-720299.790410669
-720299.790410669
-720861.9286798883
-721575.7443626998
-722177.5935443699
-723022.9592837972
-723997.6102038582
-724727.4688382543
-725477.3263769976
-726305.835784997
-727309.6774510436
-727865.4618625668
-728507.3625826932
-729616.7359026234
-730396.5330217737
-731355.9268860925
-732156.2393494578
-733318.8761463563
-733886.864934652
-734506.0897193059
-735490.3081035911
-735490.3081035911
-736296.5764926263
-736842.7380690649
-737993.4203594091
-739286.7622994552
-739959.7142397639
-740840.9986430467
-741557.7325158949
-742681.5864084999
-743671.971849075
-744720.6303586912
-745445.6156986288
-746257.1669569641
-747132.0182016523
-747782.6387576541
-748575.8347935887
-749467.5256024576
-750432.4317746358
-751615.7780981541
-751615.7780981541
-752249.4259934523
-753123.6408991463
-754059.8704865411
-754828.4641317696
-756187.2442859845
-756187.2442859845
-756983.6383962077
-758319.4674412755
-759047.4058793975
-759800.7914469033
-759800.7914469033
-760668.7327996368
-761365.8402029254
-762147.6883266479
-762835.4591131975
-763702.6803436306
-764296.8545885894
-764969.9669765119
-765893.6113231712
-766822.9546272121
-768641.6060098003
-769181.2762579863
-769864.7562749647
-769864.7562749647
-770712.6514038929
-772255.0925969393
-773091.2013057739
-773752.8267479881
-774371.4903084711
-775101.6313610399
-775717.718022953
-776616.4639639374
-777503.9476337439
-778191.780742945
-778881.2032486404
-780169.8600496922
-780919.660352053
-782031.4198388732
-782676.8156140179
-783411.4820351665
-783967.0626724447
-784677.596939544
-785694.5835407623
-785694.5835407623
-786230.8609949457
-786230.8609949457
-786839.4379111084
-787327.3197480127
-788094.7294261772
-788692.4173832388
-789930.8695524613
-791222.4637582981
-792214.8905837632
-792931.0080346921
