-913.1984912509981
-661.8359791257187
-563.3311696375455
-504.9402730111693
-476.33613242139234
-453.33363283262736
-452.34245881474743
-450.56542699862007
-452.55816595742425
-452.55816595742425
-460.03921823664814
-455.84626141380494
-455.84626141380494
-456.7941327443709
-463.316597955455
-464.46455521804313
-453.11978286591597
-457.09277421015844
-451.8842784171103
-452.03615470006616
-449.8405885442734
-449.8405885442734
-446.1418608735169
-449.58356568963933
-448.2330901072262
-452.8001341212296
-452.8001341212296
-455.3883348328431
-452.27968337644177
-463.43706578304574
-457.6616662014837
-452.039085824504
-446.85010802036425
-447.80183149977086
-444.1611582202139
-450.4110682080339
-441.248730746541
-434.3787948854895
-434.3787948854895
-434.3787948854895
-439.27849638041494
-439.27849638041494
-443.08425376867626
-448.441107740496
-443.29815613424796
-435.48649581340544
-438.0291174854893
-438.0291174854893
-442.13330728727647
-443.3701994021909
-451.17861315776855
-447.5489891569507
-453.29781411611793
-447.6297165150431
-444.8401058227869
-449.65868566387616
-446.86989411112853
-446.86989411112853
-451.63812220286803
-449.29643613204655
-447.5613506826682
-447.5613506826682
-452.0676995469852
-444.32362088559375
-445.0412377736621
-445.0412377736621
-441.321483418939
-439.9989434653933
-439.9989434653933
-443.89884885528664
-438.79705841591345
-433.0490893908209
-439.6616634180517
-443.8912284714235
-446.114111837785
-438.8286191023186
-431.74734881289857
-431.74734881289857
-431.74734881289857
-435.19582476958044
-437.64792085861137
-441.02135593340233
-434.6651815662093
-430.3514167065986
-429.5399448563755
-429.5399448563755
-432.43093965748875
-432.43093965748875
-432.43093965748875
-439.4569575423969
-439.5731297589749
-435.3762985889048
-439.32561782324126
-441.7956709798796
-438.6110104570785
-438.6110104570785
-432.3026569918025
-432.3026569918025
-437.29451347077486
-440.4871963753301
-440.4871963753301
-435.3025598513882
-435.3025598513882
-442.01538972949686
-438.20897401390135
-440.86956467781124
-440.86956467781124
-440.86956467781124
-436.4650320979038
-438.61932044457086
-436.8764163331593
-436.8764163331593
-436.00834103154125
-440.39943172825497
-438.9532464273875
-437.4470538233073
-442.5589128208542
-442.5589128208542
-437.3253675994083
-437.3253675994083
-437.3253675994083
-437.3253675994083
-438.5768784693435
-438.5768784693435
-433.92392399272285
-433.92392399272285
-437.28557374621636
-442.66475831785624
-443.35342493282064
-443.35342493282064
-441.8070514573898
-441.8070514573898
-441.8070514573898
-438.5653815520937
-438.5653815520937
-441.28773705409156
-441.28773705409156
-436.53373890772485
-441.0181087568471
-443.89159927155777
-443.89159927155777
-443.89159927155777
-446.87210670533426
-438.1936159518282
-438.1936159518282
-438.0864167246651
-438.30596086110614
-438.30596086110614
-434.1836409001151
-440.61183951907526
-443.0618574783522
-437.8606188015853
-435.8169197202885
-442.65509490392816
-439.98173980000684
-438.28714718226723
-438.28714718226723
-439.9414235384299
-442.511903619976
-437.3200401521055
-433.4923355880269
-432.8061325437249
-434.5334476287523
-436.02431350147396
-436.68401512240973
-435.2933765779925
-442.58770035429166
-436.00342723069014
-436.1178286342807
-438.2334500287185
-436.91947146019186
-436.91947146019186
-436.91947146019186
-443.5425422586606
-439.700734185923
-439.700734185923
-438.25163362128075
-433.2201241301187
-436.33373073647795
-436.33373073647795
-438.49989011058096
-438.49989011058096
-432.2146736247816
-435.49532580734734
-435.49532580734734
-435.94196874707535
-435.5981357818612
-437.3375313946726
-435.1186294433756
-433.8446681855843
-433.7633383452394
-429.25660176687995
-433.7335011576511
-437.82724299525285
-438.7967715641354
-438.7967715641354
-437.7988992473199
-442.85807464679675
-437.3179427983226
-449.3540053538965
-450.06374923999095
-456.57089036168736
-445.20388199712164
-442.5795844723887
-436.76693210764427
-433.5891788392547
-439.20197218560196
-433.23096598335246
-433.23096598335246
-435.6880620015103
-444.13233144462265
-433.76298240732336
-433.76298240732336
-434.5556853956363
-434.5556853956363
-434.2242774003824
-436.0377181753382
-436.0377181753382
-433.1600148979835
-439.41286250185925
-437.78120279895575
-437.21624874263694
-437.10813133123617
-434.76084072470707
-433.2733725895846
-436.3375317421425
-436.3375317421425
-433.41920256643175
-433.41920256643175
-438.4225718656309
-438.39630995222484
-436.5941625226697
-436.7230994720959
-440.73758626349485
-442.0603614255211
-439.7259036152455
-438.24012689049266
-435.4311263967238
-441.0690756264658
-436.77436347220106
-436.77436347220106
-438.0186889623927
-434.8224617463702
-438.00620102131074
-436.99490086696284
-438.0221046193355
-438.0925134903912
-441.4165828601897
-441.4165828601897
-441.4165828601897
-442.59653505997676
-441.86279017513107
-438.44884352641276
-442.6397584669379
-444.8385946649572
-441.5963467749335
-442.74656762043526
-443.60487019749473
-443.60487019749473
-443.60487019749473
-443.60487019749473
-443.60487019749473
-447.59451117358265
-446.85053382840886
-440.9695358238971
-440.9695358238971
-443.145832323458
-443.145832323458
-443.145832323458
-442.9270196448161
-444.2134074850854
-439.24154186967115
-439.24154186967115
-439.24154186967115
-439.24154186967115
-439.24154186967115
-441.83147152318935
-441.548741906938
-439.17692416812
-440.97492428840684
-439.3556250027474
-438.63993687109013
-438.63993687109013
-438.63993687109013
-438.63993687109013
-437.6703558136471
-443.7699810735263
-442.5918615471792
-441.55104903977906
-438.9369368944787
-435.99605586318324
-435.99605586318324
-438.2230484278251
-436.09330304268735
-436.2695238684811
-436.2695238684811
-434.93193352161063
-438.7299096680261
-445.10292584962775
-445.10292584962775
-441.9672615115831
-436.9382201787538
-436.9382201787538
-429.2680705445154
-432.6433330830819
-436.06529555503334
-437.7827922556666
-430.76385980640003
-430.76385980640003
-435.28539898557636
-435.28539898557636
-440.7361434025355
-441.01642502984606
-439.4754057988145
-439.4754057988145
-440.8128834017422
-434.5776867818042
-436.9904549918412
-439.03061962838603
-439.14605421627226
-437.2273177274643
-437.2273177274643
-438.06042878628097
-433.9723001668144
-433.9723001668144
-433.9723001668144
-433.0318264897975
-434.4579700336685
-434.4579700336685
-434.4579700336685
-429.57808739395796
-435.7893935682049
-434.3964017003032
-434.3964017003032
-434.4628689516965
-432.44248012512884
-436.98852483979874
-436.0734123127491
-441.07506915465063
-441.07506915465063
-441.07506915465063
-441.3826656071161
-441.1659926167996
-440.0650452016087
-440.99151603239045
-440.99151603239045
-437.179194615935
-435.3405159202816
-437.07721478144373
-432.05762595642585
-436.8463715831239
-430.9321418051633
-432.5756581928142
-432.5756581928142
-439.89580438823486
-439.89580438823486
-433.2047566193878
-439.0456131354263
-446.73578882428916
-446.73578882428916
-446.73578882428916
-448.27067848326357
-444.0380866725329
-441.9188312131054
-438.705715155371
-437.8201471714948
-437.8201471714948
-439.08677792769043
-437.4407152850167
-437.4407152850167
-434.792911146502
-434.792911146502
-434.8263568721451
-439.47794362282696
-442.51137582666024
-437.025724359799
-437.025724359799
-437.025724359799
-442.14947884811994
-438.99929539872517
-440.7134308836603
-437.34128657447644
-437.34128657447644
-437.34128657447644
-440.07170795706867
-437.5292437162582
-443.17125191721226
-440.4425171806743
-437.0657459558773
-438.61099770634297
-434.20758298190924
-440.7978667976079
-440.956501459109
-440.956501459109
-440.956501459109
-440.956501459109
-441.10143428347783
-439.87446519299834
-447.68056815413166
-449.65478675344986
-442.5088801149328
-442.5088801149328
-441.1953514955581
-441.1953514955581
-447.6289507886509
-447.6289507886509
-447.6289507886509
-445.7601400201989
-446.8064469248178
-446.8064469248178
-449.9573746357718
-449.9573746357718
-449.9573746357718
-454.4581447866212
-452.59570881677047
-444.04495853598536
-445.2319741574616
-449.6638001535063
-452.75858169526435
-450.04073795101783
-450.04073795101783
-454.8740079397263
-454.8740079397263
-454.8740079397263
-453.4843609411159
-450.0667094336829
-451.8280174982243
-451.8280174982243
-449.8340660895033
-451.30099305440154
-454.5383183860607
-454.5383183860607
-454.5383183860607
-445.89741741707337
-445.2540986968172
-445.2540986968172
-445.2540986968172
-448.4659814418822
-450.54820827838813
-451.13043425634527
-447.376894351817
-440.0118823621216
-442.69284736745635
-444.6533581288316
-442.50669081320495
-437.6039774120324
-444.3489277008135
-445.44933845289034
-445.44933845289034
-439.58192086468244
-444.0853908863163
-437.1998290801894
-437.1998290801894
-437.1998290801894
-437.5998757607029
-441.8435163296065
-440.72753071290134
-437.8113629027972
-436.9839164532459
-438.5040390305639
-438.5040390305639
-442.69975706690286
-433.43089048219264
-437.79448738573535
-438.39406749384875
-436.6926925231778
-433.8305260292344
-435.107513505808
-436.68538674923184
-439.49708121973123
-434.47277777823956
-437.64674132767294
-432.6211643958745
-432.6211643958745
-432.6211643958745
-432.6211643958745
-430.2235788330674
-430.2235788330674
-430.2235788330674
-432.40288638763434
-432.40288638763434
-440.4415339527554
-441.60258845564437
-442.6988087661525
-441.9264681095432
-439.5368250641449
-443.886647511833
-443.886647511833
-438.9044907510083
-433.9992587482909
-433.9992587482909
-433.9992587482909
-434.27118395630356
-434.27118395630356
-434.60217464641613
-444.0551673531734
-438.36867202524206
-438.36867202524206
-438.92139745359935
-438.92139745359935
-433.7848218105186
-435.692973122877
-435.692973122877
-443.7193155357994
-449.6642443903354
-442.34808354789175
-439.8602020800307
-439.8602020800307
-436.42583369338917
-436.42583369338917
-445.7858079129692
-446.5895448302568
-449.26452996727477
-449.26452996727477
-446.4638334379795
-446.4638334379795
-446.0268275896443
-436.7905990337328
-442.5436768549763
-434.1636408706691
-436.4917520360011
-437.31946950542624
-438.35472756813544
-438.3213446628236
-440.68318851942166
-437.5026721779114
-440.33593658272906
-441.4910933599286
-441.0004626485813
-441.0004626485813
-441.36060755953355
-444.2823752072481
-444.2823752072481
-439.1526059504051
-439.1526059504051
-437.3771846066725
-440.0718368243451
-440.0718368243451
-439.6431987915896
-442.32929390728435
-442.32929390728435
-442.32929390728435
-442.32929390728435
-442.6090993264419
-439.0570447238995
-439.7918786989303
-435.7947348244382
-433.89066877684735
-436.6218799635691
-436.6218799635691
-440.55685210247276
-440.55685210247276
-440.55685210247276
-440.55685210247276
-441.9362427239174
-441.1292075358652
-437.13976561084297
-434.62065173077553
-434.62065173077553
-441.09099748873217
-432.246312541341
-432.246312541341
-442.2014357216565
-442.2014357216565
-442.2014357216565
-442.2014357216565
-442.2014357216565
-442.0918134966801
-436.8807192684276
-432.31549888046135
-433.8921602857408
-434.54283121573053
-434.54283121573053
-436.739951659468
-437.53983652094746
-440.7208830649906
-439.5146317347055
-436.18697375120837
-454.4457620081606
-454.4457620081606
-437.8731001829219
-435.3240967715812
-435.3240967715812
-440.5528296598028
-438.07396744653323
-438.07396744653323
-438.07396744653323
-444.2847683996592
-441.45284320063234
-448.9928805112732
-446.3635702367723
-448.36888556146664
-448.36888556146664
-448.36888556146664
-439.99864699628773
-439.99864699628773
-443.5667527545759
-442.75230609702055
-444.20946398756496
-440.5253822896773
-440.1777251972643
-438.2117180436805
-441.4340472627998
-441.4340472627998
-443.7079651826681
-439.3371423117474
-439.2756852532415
-438.2449407352952
-434.8442050111809
-440.6188356120733
-439.16179166846234
-437.6802238830251
-437.6802238830251
-441.31143686112534
-438.36564089477247
-435.79431190176314
-435.79431190176314
-435.79431190176314
-435.79431190176314
-435.79431190176314
-435.79431190176314
-435.79431190176314
-442.5885918410009
-437.5402899241838
-437.5402899241838
-443.7256995054169
-433.07374648183963
-437.17423896380825
-435.56096612740066
-439.83853775536727
-443.31996270805814
-445.1618175041269
-446.82230848770024
-442.75484878615174
-448.52142913685583
-438.38513852102255
-435.5075064228135
-435.5075064228135
-437.9000549033546
-441.92994973727315
-439.48535459977285
-436.0227143777984
-435.4555904856178
-438.55104863609
-438.4363246127046
-442.7385533616041
-444.43325121716936
-444.3902647039263
-450.4015553923478
-450.4015553923478
-449.53856129299726
-458.12878798705304
-450.1850486603471
-445.83922830236344
-447.92520851272644
-447.92520851272644
-445.9130608931012
-454.0536185923047
-448.6775623701164
-444.76522910740374
-445.98614372923214
-449.29730404309663
-446.42113819294485
-440.16178426342793
-440.16178426342793
-442.62061644758296
-444.57438565952725
-447.14129697966496
-446.3767281979787
-446.3767281979787
-443.0113198496307
-440.4191933807942
-440.4191933807942
-448.5163777060863
-445.3878202002546
-447.580487024886
-446.3857167156462
-447.8326188936275
-447.8326188936275
-448.8125839272824
-448.3615168580569
-444.0132105807786
-439.1957133696912
-439.1957133696912
-444.9658266415693
-440.05299588060916
-434.90115477669093
-434.90115477669093
-437.89099769723623
-441.6432349973392
-432.36387423618635
-432.36387423618635
-433.07758059713143
-434.7087246228038
-433.3601168022837
-431.5093625194052
-439.57412512627366
-434.0063056229431
-435.7200526496994
-435.7200526496994
-435.7200526496994
-442.3828547020877
-441.2750367682126
-441.2750367682126
-441.2750367682126
-435.61334326737045
-437.153536372982
-436.65407144989086
-436.65407144989086
-443.33492272046254
-446.96957063613166
-446.96957063613166
-446.96957063613166
-446.98061740454176
-443.9541008202596
-440.784436152693
-435.7106884345813
-438.7053484554915
-434.92224524909483
-434.92224524909483
-435.19384547923727
-437.92548278092937
-440.1245497703724
-437.15466730425544
-437.15466730425544
-434.69121796993693
-436.29180716475173
-434.99951392435753
-443.34205186513594
-430.5143237474655
-430.5143237474655
-430.4949752374407
-433.2041626011628
-433.04876296219913
-433.04876296219913
-438.15510378821193
-437.8621595486047
-438.80652467616596
-435.212659235604
-435.16518667558785
-436.3187132926758
-436.3187132926758
-430.14930112429795
-430.5404529360215
-430.5404529360215
-435.8839894944082
-435.8839894944082
-435.8839894944082
-432.83391903985944
-433.42264557028943
-437.96976800083286
-440.4932515014711
-441.24308092365334
-438.3308641546866
-438.3308641546866
-441.91218521115394
-438.7518544697121
-438.7518544697121
-437.77651241132054
-437.77651241132054
-437.77651241132054
-440.869463658044
-440.869463658044
-443.4940008702543
-437.3151230497894
-437.3151230497894
-437.3151230497894
-436.4063251171092
-441.17940309988273
-434.9600238857047
-434.9600238857047
-436.0335804288627
-438.9255528067852
-434.57191432106526
-437.28496873386945
-439.3247039242112
-438.01205428419087
-434.4138685494158
-433.1539045600893
-438.5818840446571
-439.46198583091945
-445.2641704410047
-444.9074490275295
-447.91696063919306
-443.10676633787864
-443.10676633787864
-446.69568996618017
-441.6505750899213
-441.3394097593231
-442.35816604897155
-444.10441393916483
-444.10441393916483
-440.43503963309684
-443.55553357378375
-445.70791295675525
-437.52698468432874
-437.52698468432874
-437.52698468432874
-429.79104676139855
-429.79104676139855
-430.460727426905
-435.2658530561033
-429.8581218547617
-433.5918040076046
-433.5918040076046
-434.60739370666215
-434.60739370666215
-443.8260363479141
-441.0671111778283
-445.20116878136764
-445.20116878136764
-442.2837497584012
-439.43690126147425
-439.43690126147425
-437.038426640761
-439.4360370085567
-444.72102331170424
-433.5532990488838
-442.9599591698054
-442.09185721255756
-442.09185721255756
-441.0670689313964
-445.77530185199953
-444.22258475761
-444.6206298876632
-442.2043630387274
-442.1113720822678
-441.91156403449025
-436.7428707122249
-436.7428707122249
-441.4078439244159
-441.4078439244159
-441.4078439244159
-441.23316636953683
-441.23316636953683
-438.7113783806705
-443.5501142810842
-443.515723785166
-439.58515878227985
-439.58515878227985
-439.58515878227985
-439.58515878227985
-439.58515878227985
-444.1072246200172
-440.0402945007189
-444.2628162398687
-438.7560373455735
-441.12140005094835
-437.2966654372691
-442.2796420576451
-442.2796420576451
-435.92619098867306
-442.0235207383571
-441.183135203885
-447.3404953144301
-441.47674124467653
-441.47674124467653
-441.47674124467653
-442.96389505193883
-450.4419006033394
-441.87799025022497
-444.2753816049667
-441.1773858255854
-443.38659709999024
-439.3645877951487
-443.3363076737701
-451.474457643283
-446.16544323381817
-438.7144922126565
-438.7144922126565
-444.5608541566078
-446.01160358660474
-442.4975178161511
-439.5616285606161
-437.15543850665296
-437.15543850665296
-437.15543850665296
-440.8057977790231
-440.8057977790231
-441.6308850649
-436.1331919039557
-436.1331919039557
-443.5724219622723
-442.40320156997797
-442.40320156997797
-442.40320156997797
-441.3008342129773
-448.8474034148538
-440.142989654497
-447.7677522956567
-443.2184045635744
-447.7193377691444
-440.8775702154216
-439.69056947738096
-439.69056947738096
-441.45092099288524
-434.0369652888799
-434.0369652888799
-438.2951808802705
-438.2951808802705
-437.6429757052124
-430.7434934290284
-437.0196180669225
-436.7853948691604
-438.3654184189608
-438.20448684947814
-445.4394564358649
-445.02599852337096
-443.17646059704964
-446.3881334514334
-446.34958245199385
-446.34958245199385
-449.77876969129716
-445.8856687625673
-441.5434818145993
-441.5434818145993
-441.5434818145993
-441.5434818145993
-441.5434818145993
-442.980011486815
-445.4907232067216
-447.0680652635239
-442.2936461594908
-448.2011916737946
-439.5174649427159
-443.15562385102226
-440.9387244200123
-442.57180623837706
-441.9678862910877
-437.8562250228598
-442.31562652898174
-442.31562652898174
-442.31562652898174
-442.54732064853107
-434.78484275151766
-436.56549096524543
-438.4465673569476
-440.30357170558057
-441.1638999759242
-440.13006084989576
-440.13006084989576
-439.97306340396136
-433.6620176850649
-433.6620176850649
-436.37549343847854
-441.42273141159825
-439.8266885458554
-441.0578936953345
-440.0270264022472
-436.48359044517554
-436.48359044517554
-434.74080138500966
-432.9679071531735
-432.62011386491673
-436.46612782135423
-436.46612782135423
-438.861954797926
-439.7812747653441
-444.15289673212493
-441.62123156928436
-445.4458718168346
-438.92921353141384
-436.1670062939618
-437.31074310927113
-437.31074310927113
-434.8209128260562
-436.00903712113336
-433.70599189770707
-433.70599189770707
-446.5246590856827
-446.5246590856827
-440.80267891807097
-443.36403028466464
-440.5241052553116
-440.5241052553116
-440.2529300585602
-445.0782511432074
-447.5006581031829
-445.312725912975
-441.5158630508236
-441.5158630508236
-437.8091481515462
-440.51741535207066
-438.2004439512832
-434.88367676860537
-434.88367676860537
-440.5720366764722
-440.5720366764722
-435.82276181576196
-435.9380812857583
-446.88515294170566
-441.95656959451
-441.95656959451
-438.7602267625896
-438.7602267625896
-439.6334299941643
-433.9576396702918
-433.9576396702918
-433.9576396702918
-433.6431101299722
