-724.2840094928246
-724.2840094928246
-724.2840094928246
-724.2840094928246
-572.4167375878877
-511.2857137818697
-481.68546061992197
-481.68546061992197
-478.3244026117327
-466.73357913907086
-466.73357913907086
-468.5325926393317
-466.977733396752
-466.977733396752
-454.55563453920047
-451.62962110443675
-451.62962110443675
-451.3002980291999
-452.8799216442266
-452.8799216442266
-454.85381546228547
-456.0996204905182
-456.0996204905182
-455.141679060353
-453.07963529910825
-453.07963529910825
-461.0152845615559
-461.1791437984603
-452.075632623838
-452.075632623838
-446.95669415773733
-446.95669415773733
-446.95669415773733
-441.6063733710911
-440.3223716047935
-440.3223716047935
-438.57483314240847
-439.18640751755504
-439.18640751755504
-439.8231215635245
-436.0789863927468
-436.0789863927468
-430.5297775946322
-433.94852643476247
-433.94852643476247
-434.4921144422504
-438.540576607685
-440.17397318392545
-440.17397318392545
-438.350645913714
-438.350645913714
-437.5392553788338
-437.04294111185345
-437.04294111185345
-437.25657681238204
-445.2954562272779
-445.2954562272779
-445.2954562272779
-444.14674022095227
-442.65856665348286
-437.4801641295049
-437.4801641295049
-443.6712063921194
-443.6712063921194
-447.89068729756343
-442.31665513105213
-439.45625575593766
-438.8222532055355
-438.8222532055355
-438.6266815385339
-436.8421244816118
-436.8421244816118
-439.6247713952862
-438.9053890123795
-438.9053890123795
-438.5664422359072
-440.8536331370777
-440.8536331370777
-437.0818494728872
-439.57923644390746
-441.7550676074565
-438.6734930940058
-438.6734930940058
-437.7066899516904
-437.7066899516904
-441.66889191236356
-444.54469867264805
-438.73532211294906
-438.73532211294906
-439.39497207591074
-439.39497207591074
-442.9752188013579
-442.9752188013579
-442.8970523619207
-442.8970523619207
-442.7668702661719
-442.7668702661719
-443.7596258304566
-443.7596258304566
-445.24735431948756
-442.56551927753844
-442.4628630354289
-442.4628630354289
-439.70049098058547
-439.70049098058547
-434.812157901084
-441.9679502149846
-435.55815277555774
-438.6614688461519
-442.01804182575034
-442.01804182575034
-442.01804182575034
-440.0120178902759
-440.0120178902759
-437.56119126133854
-442.07618498885466
-442.07618498885466
-443.6531753903406
-444.3243301843836
-444.44600031244096
-444.44600031244096
-443.34170918553593
-442.85599507946415
-442.85599507946415
-445.9103564925365
-445.9103564925365
-442.7927005746941
-438.5985626993384
-442.65997512182804
-442.65997512182804
-438.60362025685
-438.60362025685
-435.29362890193556
-440.5867737961596
-435.33206605806873
-435.33206605806873
-440.8754770956082
-444.6776673121115
-439.4764799690524
-439.4764799690524
-442.56142576923673
-436.63253199041975
-444.72538646952427
-448.04680649709263
-442.32999613537186
-442.32999613537186
-442.55309140331326
-443.7790004724938
-443.7790004724938
-442.8905678219958
-442.40554415751114
-442.40554415751114
-439.16443063791814
-439.16443063791814
-439.16443063791814
-440.2745157825591
-436.51580759267154
-436.51580759267154
-440.00578690867536
-440.00578690867536
-438.38251629242626
-438.38251629242626
-437.8014720131236
-436.15919581600633
-436.15919581600633
-441.7470470527767
-441.7470470527767
-441.7470470527767
-441.7470470527767
-444.82771507793626
-443.7823018052996
-441.52870005804584
-441.52870005804584
-438.0242295003915
-440.536428953613
-440.536428953613
-442.64778590007126
-441.4151707741866
-441.4151707741866
-435.72857059934324
-435.72857059934324
-430.7248680568818
-433.1475812038208
-444.6315627395771
-437.6688112125242
-437.6688112125242
-438.177558985961
-442.3267465357152
-439.5870082188625
-441.4622458518478
-441.4622458518478
-441.277742971171
-441.76057945658874
-443.0393779106344
-443.0393779106344
-441.9174801100403
-446.5465086971246
-446.5465086971246
-440.5833972035654
-440.5833972035654
-443.1968970825715
-443.1968970825715
-441.6555223287191
-441.6555223287191
-441.6555223287191
-441.6555223287191
-443.40006742586615
-443.40006742586615
-449.2242570972844
-439.54001091710006
-442.26847773182004
-442.219517072021
-438.26931451704337
-441.1797658286638
-438.22439571473296
-441.96004757615805
-441.96004757615805
-440.39289295487976
-441.11898259037974
-442.820406401136
-442.820406401136
-442.3723900803081
-445.3295805963113
-441.96714248190284
-441.96714248190284
-441.88265512076094
-438.7707255645017
-439.7202671827782
-442.45465711307247
-455.38212343054624
-439.63729411628105
-439.63729411628105
-440.0926684434734
-439.1093927741575
-444.0672730633333
-444.0672730633333
-437.38802410548465
-441.6068640442371
-446.51696195399126
-443.80412876741747
-443.80412876741747
-440.41795069434966
-443.07992365480146
-443.07992365480146
-443.07992365480146
-443.07992365480146
-443.3591365080526
-443.3591365080526
-436.2612696854072
-436.2612696854072
-438.02483053018284
-442.82716054761914
-442.82716054761914
-442.3058829138608
-442.3058829138608
-445.7153453722013
-444.60876068610366
-445.3108574387475
-441.5795386125727
-441.980860190774
-440.5128922569312
-439.23959293338265
-435.1832080306118
-435.0955657444998
-436.22144670203
-438.7586787162765
-438.7586787162765
-438.7586787162765
-437.01830079682145
-437.01830079682145
-436.7891802179308
-433.2512116632826
-433.2512116632826
-433.2512116632826
-436.26300118011596
-433.84745824842366
-439.3011554833575
-439.97387763918925
-438.2913186580156
-441.29551485452987
-443.63270740348764
-452.54731061374355
-447.6967503229936
-452.79558021980307
-442.3713647495624
-439.95230691997165
-439.16291042048925
-444.641551052349
-436.4571244333921
-439.11696543577267
-445.11045780720536
-445.11045780720536
-445.76177987013534
-445.76177987013534
-441.86745690234534
-440.10880444992046
-443.79954196809155
-451.7702439499674
-440.4279253155001
-446.3775385831262
-440.36517289823837
-440.144398216557
-436.2298288062838
-436.2298288062838
-439.10617134667086
-443.00033363723765
-441.62491001845916
-444.6187219526372
-442.45621190458974
-442.45621190458974
-442.45621190458974
-442.45621190458974
-445.2256388331541
-445.2256388331541
-447.3555327255649
-444.8505040312474
-444.8505040312474
-443.13319426303514
-443.83371453786793
-448.67559096302233
-443.5429866126905
-450.24399885414806
-445.57660902452733
-445.18490526534947
-447.3188091766605
-442.19001102820494
-443.2958299801172
-441.9753212310113
-443.57221011146754
-443.57221011146754
-440.46345847068716
-440.46345847068716
-439.2104004217215
-440.4037179971685
-440.4037179971685
-440.4037179971685
-441.2757173638329
-441.2757173638329
-441.2757173638329
-441.2757173638329
-447.63009705570715
-447.63009705570715
-443.43767693595987
-443.43767693595987
-441.2924240917488
-441.2924240917488
-440.38280076168087
-431.95255384350224
-434.32540651143324
-435.77036169574217
-441.75762989389614
-439.11064530245477
-443.808470526374
-442.7778245864775
-442.5168995699995
-449.5231479915811
-441.608707262096
-441.608707262096
-441.894243057507
-440.16083947090124
-441.53560153170605
-446.3793169355572
-441.3439564922693
-435.2267576530656
-434.2479103690546
-440.48145573944333
-435.9846353745131
-435.9846353745131
-435.4713703617804
-435.4713703617804
-435.4713703617804
-441.31188432982884
-442.65677119090316
-435.2044472766091
-433.0752871327796
-438.4559609138297
-433.3262417456752
-435.37931690851696
-437.7101408901966
-436.2591496751802
-436.2591496751802
-430.2777551184777
-430.2777551184777
-430.2777551184777
-430.2777551184777
-437.2548443795846
-432.5864454477459
-434.88104438138396
-437.6930294715148
-439.8064689685403
-435.76135668471437
-436.69251686180434
-437.27556871042844
-440.40452313863995
-444.2432492843681
-437.0078582302034
-438.37936659399605
-442.05429718592404
-442.4072030311011
-442.1887899481914
-437.95773947832083
-444.14475986185954
-436.8052262346425
-436.8052262346425
-436.8052262346425
-434.5783575038757
-436.2464586207664
-442.3068619409055
-441.99734220088885
-437.5014026282963
-435.6227499063089
-437.73789792971127
-439.2449481570317
-438.35649759672003
-438.35649759672003
-438.35649759672003
-437.6343942469824
-438.1992604951369
-433.0218391966512
-434.26206117857765
-434.26206117857765
-436.0663501159008
-436.0663501159008
-441.8772087582735
-434.87887863018085
-433.8904489853133
-433.8904489853133
-433.8904489853133
-443.6575623819853
-436.3421720058043
-433.3810641356124
-435.39232177345184
-435.39232177345184
-435.39232177345184
-438.0064165021273
-440.64356042767207
-440.64356042767207
-439.82063479072707
-439.82063479072707
-449.53408550154774
-438.5800307950388
-439.026210128465
-435.3754731821474
-443.90771451938065
-440.0829667385403
-444.8244990058889
-445.017198755521
-443.57033026301207
-442.7551960288706
-442.7551960288706
-439.9779295486162
-439.3117301640672
-440.7804041366657
-449.91745153751555
-442.69304180424615
-441.2916215041131
-440.31339466568846
-440.31339466568846
-433.88500616805806
-433.88500616805806
-433.88500616805806
-439.8421047641751
-434.53549857598244
-436.0426946476001
-438.3128296107382
-444.40568096571945
-440.31600288766595
-441.4046159591036
-434.3914161458886
-436.685610900856
-436.685610900856
-436.685610900856
-436.685610900856
-434.8803722913972
-437.4997043016337
-439.0442171513034
-444.83162788727327
-433.56914965930406
-438.07298443011337
-436.8327881827277
-435.5234363982492
-432.6884207876131
-433.9260404823227
-437.93469004298026
-439.31991217649403
-439.31991217649403
-442.5551663200787
-437.86920586868285
-437.86920586868285
-432.77861098345085
-433.7750971959258
-442.66917403723755
-431.8855561786875
-435.78531251441217
-435.78531251441217
-435.78531251441217
-434.31593578919154
-434.31593578919154
-441.59010583217145
-436.1049133673075
-436.1049133673075
-439.60244660688323
-431.87837803477026
-431.87837803477026
-431.87837803477026
-433.7868431956724
-438.7333497110928
-438.7333497110928
-438.7333497110928
-438.12018603512723
-438.4496147427811
-438.4496147427811
-437.79969581363065
-445.33205596917156
-441.3291483284262
-437.87383184963227
-437.87383184963227
-439.48341389979976
-435.2229623016086
-436.24308987966003
-434.30185939435586
-434.30185939435586
-439.0464555357874
-434.1178281963914
-434.1178281963914
-434.1178281963914
-434.1178281963914
-441.6885230298269
-438.4428696848938
-433.705122100266
-435.7183564631361
-435.7183564631361
-436.50720927425016
-433.3097718478289
-437.82475525268404
-439.6445668861507
-445.0755010227729
-445.0755010227729
-443.2325248703785
-440.8011196441605
-438.3232174754784
-438.3232174754784
-440.76285323543595
-434.1070805691439
-434.1070805691439
-438.3586176555279
-435.3554718016441
-438.93395016697343
-439.1928394661313
-441.3434235837351
-431.15932418542593
-429.6862990090529
-434.41095025029534
-438.6458414339615
-438.4076668515721
-438.4076668515721
-438.69393910843974
-449.0820522599385
-442.96504205830564
-442.15537287846394
-435.82135556367484
-438.8274074506775
-437.86794496791333
-442.54233179371255
-439.8001912236427
-439.8001912236427
-437.09919903484047
-439.3213903694241
-440.39716427053594
-439.0056601572423
-438.1368614192036
-438.29428527369515
-435.0913409197918
-438.36287556915084
-438.36287556915084
-439.0442101812685
-439.0442101812685
-439.0442101812685
-437.67928255077135
-437.67928255077135
-435.62544714282865
-440.31586190744264
-436.2858832606102
-436.2858832606102
-437.3276785626108
-433.60365790352523
-433.60365790352523
-436.84489638525616
-439.89002273968526
-439.89002273968526
-440.2915382680747
-443.5963887419339
-443.5963887419339
-436.9780871136573
-433.86134254982346
-433.86134254982346
-435.8133867419986
-439.33612661816994
-434.5576152840898
-435.627448587123
-435.627448587123
-435.627448587123
-435.627448587123
-436.0856949227436
-435.9280884478876
-435.9280884478876
-443.0342106686949
-432.9669147276059
-436.1127354460574
-439.293570358161
-445.01440601482085
-445.01440601482085
-442.2205172538785
-447.9741915180996
-445.0048873333502
-440.4170611239443
-445.0950781474045
-439.9307324112736
-442.57122659383316
-440.79973964682966
-436.04543043966333
-440.13562501764875
-440.13562501764875
-440.13562501764875
-439.74568425543686
-439.7724193579867
-443.79966364261884
-441.6706471375613
-439.95604896027965
-440.5901099147355
-440.5901099147355
-437.5780585492354
-438.6391846853138
-436.91817277365897
-436.91817277365897
-436.91817277365897
-443.0664938644345
-438.44836178689656
-441.1076606553955
-437.67600168623613
-437.67600168623613
-442.34960035131934
-441.6411212821303
-437.2457404519134
-437.2457404519134
-443.37820225279756
-442.6794502652035
-435.4782112018429
-439.0627459344755
-439.0627459344755
-437.9737814267665
-431.24467424366037
-431.24467424366037
-431.5806874097552
-433.97301581263537
-434.2435571111533
-438.2867694506564
-430.2594365478935
-435.0778564116818
-430.38726560679413
-432.8000879913108
-432.8000879913108
-431.03422027658877
-431.03422027658877
-431.03422027658877
-431.89320284117525
-433.1401919124588
-432.58875567497915
-432.58875567497915
-437.3875059283522
-434.8390382693975
-434.8390382693975
-433.8160509245171
-434.6057118410087
-437.8073444270901
-437.8073444270901
-433.09861154316536
-439.36178933243133
-439.36178933243133
-439.4600986876416
-443.11219802966167
-440.15314642884056
-440.15314642884056
-434.69638440624345
-438.13207146947786
-442.904345397598
-438.5474741880802
-438.5474741880802
-441.1174855256923
-437.910002700036
-437.910002700036
-435.8598871144522
-436.0745698964317
-440.68526493091355
-437.7112730734489
-437.7112730734489
-436.82732922137785
-438.8967956314862
-438.8967956314862
-438.7693861318353
-438.7693861318353
-438.8287932929003
-437.8781988404409
-428.28935587816625
-436.5935602057049
-438.88197538759874
-438.6756709723887
-432.81682942133926
-434.6714985613306
-433.4381723954373
-433.4381723954373
-433.4381723954373
-437.3732082551784
-436.9960159278824
-436.9960159278824
-439.589039563775
-435.3938823839828
-434.14913999663156
-431.97073081541606
-429.6838361580304
-429.100645142498
-429.100645142498
-433.541304256106
-439.3811559502822
-436.8151513698733
-436.04319820411376
-438.9725948459284
-429.538666156322
-429.1211307104828
-434.4582933277708
-438.9640053615092
-429.0357915050137
-430.4673087355316
-438.7938505915124
-439.87543568300777
-435.1579041632809
-442.3852149336808
-442.3852149336808
-437.09961966466597
-431.88748696067694
-434.3165935485444
-433.11171270128614
-433.11171270128614
-433.11171270128614
-434.2113471945239
-438.83217718276813
-433.38893591758614
-439.79919961260305
-435.2354195977515
-437.7887870670684
-442.33441418440486
-436.80512218798685
-440.60385849798
-448.2943775077158
-443.90523822490775
-441.5326590644765
-446.3987390645548
-446.3987390645548
-443.19420074730266
-446.35104523917505
-443.636433237809
-443.1525320460836
-440.7088493718744
-440.7088493718744
-442.7352468774647
-442.1923522912772
-444.77707736076104
-437.2687633351454
-447.77455280159677
-440.6975091907123
-439.49484372002524
-438.6588500332652
-438.22592841814816
-439.5095719919826
-439.5095719919826
-441.57951713559277
-438.3417661624563
-439.3719178605249
-444.0647050017762
-441.61441670268863
-439.9709043934784
-439.9709043934784
-439.9709043934784
-441.397440181656
-441.74207052769236
-440.0627388975561
-435.1992900790616
-444.91086716405164
-440.4290281849734
-441.9340862744348
-437.9929059084705
-436.9290012975077
-436.70915304046974
-436.70915304046974
-437.41147287229677
-440.5095710833053
-432.7079124767893
-436.4919831699026
-442.9824138446252
-442.9824138446252
-436.63018394272615
-441.59183816876873
-440.3059358402501
-440.3059358402501
-444.1554796619795
-442.40966694266467
-442.12763240796505
-434.38144124072403
-430.98736558980136
-435.31969180518735
-435.31969180518735
-431.8799170021259
-431.8799170021259
-432.98552757424875
-435.373117432223
-435.1700876759816
-436.4238600992321
-436.3196390633061
-438.06624419925646
-439.21330573513416
-434.8814262877822
-435.1489346816001
-435.1489346816001
-444.5760318693527
-441.6093544214612
-441.6093544214612
-440.0863112362685
-432.1632343454844
-432.1632343454844
-439.5741461772671
-435.4358775008965
-435.12313084310057
-435.874041099607
-436.34191679633904
-436.81835880793005
-440.45306268561365
-437.6590813601756
-445.61113533017755
-439.9988230893803
-443.6240965361379
-443.6240965361379
-435.4689132645174
-435.4707429232479
-435.4707429232479
-432.4202402587577
-435.6967185875611
-437.55542565894626
-436.33053636314077
-437.60384686132704
-438.46402364166266
-436.4940178536908
-431.714757755321
-433.70662564080885
-433.99265236095266
-431.92813385919584
-431.92813385919584
-442.06578217714946
-435.1141671932971
-430.0062348424488
-431.15753820133347
-430.3114671154339
-430.3114671154339
-430.3114671154339
-430.3114671154339
-437.3240893909389
-435.5440948055688
-436.70290919258304
-438.7936086770533
-431.9676448810668
-436.4457748132815
-445.11904297606503
-445.11904297606503
-445.11904297606503
-444.2308620012022
-444.4682683524186
-445.78203383924824
-441.26909150116336
-441.26909150116336
-437.14900863208015
-446.512919853927
-440.15012351960274
-439.93600585610386
-440.8788924517839
-448.3135549357902
-448.3135549357902
-442.4658304050902
-442.4658304050902
-438.04110071259566
-438.04110071259566
-442.12600867050384
-441.9338718273026
-448.38744400371445
-444.3212496416753
-444.8402755606766
-444.38680707375454
-440.8838761898987
-444.07399944094897
-437.90877498297795
-437.90877498297795
-439.8990384560967
-443.12854932620905
-440.8610535428796
-444.71330676620903
-442.72856151957575
-442.72856151957575
-444.9948796470088
-444.9948796470088
-447.2934264112591
-448.53205596967916
-444.3384035587057
-446.1419782126786
-442.2219484773979
-444.73904386942263
-434.88569445682595
-434.88569445682595
-434.88569445682595
-434.88569445682595
-434.88569445682595
-430.1024121082403
-437.76772219179446
-441.7343227993567
-441.8120202471438
-435.5347065240939
-438.5004811568037
-431.1458227355799
-431.1458227355799
-431.1458227355799
-431.1458227355799
-430.91235212376125
-430.91235212376125
-428.5393253437372
-428.5393253437372
-432.5996672372527
-436.42792544385674
-437.7178735034307
-436.16026181880426
-434.7077164190918
-434.7077164190918
-434.7077164190918
-434.7077164190918
-438.48556647552994
-434.56108461531153
-434.56108461531153
-439.91876100683265
-436.6326786057496
-440.98005140571433
-438.06201857469745
-443.483359739203
-447.99351735977433
-447.99351735977433
-447.3805671279864
-441.77319249775945
-440.322594755337
-440.8615962580442
-440.8615962580442
-439.9521294777954
-441.89028139138674
-441.89028139138674
-441.89028139138674
-441.89028139138674
-448.62768112408946
-439.422371703339
-439.422371703339
-439.422371703339
-441.2952945670822
-446.9470079365164
-442.08941434433103
-440.372601768103
-440.3639509851081
-440.9808383767876
-440.9808383767876
-437.9447682054669
-439.6844248369775
-450.138841786298
-439.04399963411856
-439.20006773346546
-439.18306662726116
-439.18306662726116
-439.18306662726116
-440.2085514600706
-441.6049120047963
-441.6049120047963
-437.4118921950735
-439.65570681618743
-439.66656132031056
-438.79764427126264
-438.79764427126264
-438.79764427126264
-446.12576835035446
-447.3342948805528
-443.9477562516243
-443.16583126144724
-442.0465838017241
-441.8847071313645
-436.78701725015753
-438.8919213905971
-443.203297510521
-450.13649267195893
-449.1976553146789
-444.78069799712233
