-849.675248824302
-852.9182746445925
-841.8739283592365
-716.2026614039995
-668.0424142699529
-642.4273457556963
-636.2679241523479
-636.1764293039051
-633.5503039773556
-629.5479519192925
-621.0735653424365
-609.6513986193638
-620.5612994733809
-610.0081921282754
-610.7566750643812
-605.8639696219917
-606.3570495702462
-603.4984942396529
-621.6367411185054
-611.2331693280046
-615.8275850242004
-595.1547167100052
-596.6004413192705
-586.1908057537287
-585.5954852851214
-581.5581877280467
-603.5463518085661
-591.5618251979956
-591.372633756645
-593.0977379983167
-592.4715150822162
-588.3604876493577
-588.3604876493577
-591.2386098799252
-577.9821773978298
-594.3158208175008
-590.2326514048526
-591.2385788585506
-593.9468022565918
-600.9986555855193
-610.7612712429077
-592.4187836218276
-587.7867228014585
-585.6787471587435
-574.4609208619124
-574.4609208619124
-576.7229767915583
-589.9573634340597
-589.9573634340595
-588.0000573667037
-579.1001161907755
-590.8469368702454
-589.9574350740373
-585.7531029517404
-590.9507878026332
-590.9507878026332
-596.2598825663288
-580.15776622907
-580.569234149276
-583.8962854038922
-588.5371641167849
-584.6532727588577
-568.0097598483652
-565.0143054268312
-562.2666835781955
-582.0580020810517
-569.9883342658203
-576.9710853269677
-581.7893480968289
-585.076575712928
-580.8474928174238
-585.3800880065909
-572.9983504115432
-573.8494936708942
-577.3462148834269
-577.3462148834269
-577.3462148834269
-576.632507448715
-580.5090156381377
-583.0307988553337
-585.4007592712564
-583.9450262762665
-579.2374371751363
-587.4492365565313
-575.598876445518
-573.9722707086994
-564.8152757344961
-563.0031404249197
-559.2069845739381
-566.5550455349853
-570.7689480982709
-573.5842941523816
-573.5842941523816
-578.3511209081622
-563.6688798001956
-548.4410691451901
-544.5365434940795
-553.9742812099921
-545.6521557598791
-561.9932464924458
-558.0584672398502
-548.8718378341215
-548.8718378341215
-547.5258849810274
-544.7270957236656
-554.6268251448128
-556.5210020761634
-554.488838098918
-553.8865920888886
-556.0016323186962
-550.1520733016374
-553.7094502622747
-554.0617313243085
-555.9994451405911
-557.6376903364587
-560.7236590095953
-563.5109458046096
-568.1104032272127
-558.028304923686
-553.9155113386151
-552.2133536740561
-553.8365783666443
-549.9522794276847
-550.590655047726
-550.590655047726
-550.590655047726
-550.590655047726
-551.8451282303391
-550.0709444337203
-550.9580363320298
-550.1321069093557
-548.6414963765353
-548.6414963765353
-551.788829762151
-555.138969692022
-552.1790760854948
-552.8710883946184
-556.3955797698728
-561.4237872858265
-564.0885354130248
-564.2491772478277
-552.5230731232404
-555.8238692985761
-553.5849278911652
-554.7751133602401
-554.7751133602401
-555.4614250563232
-556.2476889156064
-554.5497653722713
-554.5042237772509
-554.5042237772509
-557.5118645784105
-556.0781426715404
-555.5020678922201
-554.375737346047
-557.0183374613854
-556.0694741323276
-558.5542342334163
-560.5507513157702
-564.4711747105039
-564.4711747105039
-562.434679146998
-555.2078072048025
-560.2578888446242
-555.9866818296179
-548.7206360325308
-553.3213411960877
-551.9022763421694
-556.510049467841
-561.0618654354832
-554.6813828069529
-557.4716958633372
-571.8778146932136
-566.2976950332214
-561.5514877621403
-558.5844862683563
-558.7426054143076
-558.7426054143076
-555.773132477807
-562.484809386559
-566.1426453390914
-567.2205520704657
-563.9562076001123
-559.9175271920083
-574.0647271562283
-562.4231582962525
-551.4387103160883
-549.4767692588276
-555.0119873313448
-551.8468330665805
-557.4025760061998
-553.3009645438203
-550.4260678338279
-546.1945376025533
-540.4816870746362
-544.6287858413714
-549.3862730379328
-550.0037659119826
-555.1336050008575
-550.5041714196904
-550.5041714196904
-551.9177354245948
-546.6192985998412
-548.2314408140534
-548.2314408140534
-541.7323650594006
-541.2190519820172
-537.9606424304649
-537.9606424304649
-537.2138667536273
-539.2236155717067
-537.7080831841366
-547.973325478567
-545.0426118135147
-540.0573404340926
-540.9461173477719
-539.4812356466986
-539.6654774919227
-533.536148621328
-545.6354742928597
-544.2253687304749
-546.8729639724246
-543.2605920639907
-543.258170690358
-539.8499939659378
-548.6887253158073
-539.4445205865525
-539.3960432247338
-535.6248769600851
-533.24456062796
-533.0451854717376
-531.6266783404312
-522.303469148985
-535.0717248044112
-528.8433946441625
-530.2134305902136
-533.9653778898687
-530.528740993538
-528.501406727085
-535.3898765661713
-540.2900097509443
-542.6710926589699
-536.6886077314762
-537.9900178833338
-542.8945176588768
-537.2252018580887
-537.95068033468
-536.5333041933422
-532.2300916400565
-532.2300916400565
-534.7316165108175
-535.1846313098353
-524.5637097872503
-531.2574616005955
-522.7771630099322
-523.6005334033249
-528.8468831179123
-535.4069322843111
-534.5939282264223
-530.4932274505571
-527.1545209797985
-518.5547116025484
-519.1390598256518
-520.3858189971673
-529.7824356632417
-523.4454322980059
-532.2895715052023
-530.9849214315642
-526.208034623921
-542.5449063842384
-529.857165418848
-529.857165418848
-534.4646721437402
-533.5797191989252
-540.2857242476936
-540.0160768117877
-544.5292334839374
-541.092076650297
-538.0412506310016
-536.8965957596763
-534.0795881526329
-528.3398422269964
-527.0642107540765
-517.4474662720377
-527.0194290888605
-525.1370511266953
-528.3801744790924
-529.5954098843364
-530.9998380934649
-518.0928275747499
-521.542485935427
-528.6666791342043
-494.1155172205269
-485.7111335652735
-490.5025656218355
-494.84677344959584
-499.8504359751054
-503.5785900675688
-495.67408855971803
-499.6745296026023
-504.58153336230623
-506.2065445181628
-502.6889755236125
-500.810946699699
-496.2233583804505
-496.4325185214869
-496.4325185214869
-486.5199391586872
-490.9480308446781
-492.30768623619036
-490.4913319952615
-489.72725827213816
-481.43559043907356
-480.30280829369343
-480.30280829369343
-475.1678180854874
-481.613518781872
-488.860061418635
-490.0927887835356
-485.32407070967724
-484.8673696875503
-488.97644551518505
-491.61272396556853
-489.5526520298906
-495.35309004622724
-491.8947590171084
-491.89475901710824
-483.28778186774815
-486.0517141549838
-479.02226569999743
-479.97085437674076
-479.7022426318042
-479.8571855236885
-479.8571855236885
-478.90258288527014
-479.2207837647429
-480.38324146052685
-480.38324146052685
-481.7580287336063
-479.8895930159762
-481.6339177919359
-481.0768165475991
-478.0002539173894
-472.54881378694023
-477.8936271194817
-477.15074469449667
-476.73301184284827
-480.24738916428316
-480.8173174948621
-478.53200062431216
-477.9174179840997
-478.138414910505
-477.81067640873783
-477.8441076234653
-482.3998752398194
-487.30972334205876
-484.7503517155303
-476.64282156292876
-473.7256619946362
-473.37247194709806
-478.5552583288648
-474.9966603925808
-475.6422563008034
-478.62807724236643
-486.77158146467355
-490.65286973453397
-486.1770840308595
-477.2413312520589
-478.84679176648507
-479.6718460796131
-481.648611251285
-479.76624096561386
-473.3219410922186
-481.5704591474488
-481.3542245971195
-476.1729031559428
-486.60609587607564
-486.69157428334603
-497.83415429070493
-491.17117941835784
-499.1978113459222
-499.1978113459222
-491.073915251761
-487.16868688504064
-486.46871027231737
-487.63856079030006
-490.41086676579
-490.41086676579
-492.9405450892189
-490.5481574197309
-485.21237280219225
-492.28366524364014
-484.63966620275187
-487.44102392122426
-487.25454031914137
-483.89131757220133
-488.6058588606997
-486.5094351681835
-486.4851990117985
-486.2906266140547
-487.34998888598864
-488.8114127350764
-490.2089289341666
-485.73257287781644
-488.08478523885435
-492.5785160569547
-492.3849581527546
-493.1121087056516
-491.3138177370694
-487.1661692549959
-490.1396024980636
-484.1562571022086
-500.15423541429055
-501.3021494732222
-490.0715595464389
-490.45534266869737
-488.1525205784451
-485.1293771820555
-479.551981809364
-485.8039633738929
-481.52923399307934
-485.279534177445
-481.69907960610334
-482.46283373029144
-483.9417349259352
-481.6704708798706
-482.0221740340483
-485.16988120304114
-480.72058592387305
-480.17043760721526
-485.13743091898357
-479.051813896587
-481.0541015473461
-483.274665072546
-491.7553839729644
-483.713295941833
-486.5976907162181
-486.5976907162181
-486.3999853257767
-482.1644977079778
-490.52755757912576
-486.043191268194
-487.62842645762237
-480.1012375423519
-481.12415452961045
-480.9380506651783
-487.3197168650581
-486.72293744803835
-480.8608033821508
-485.3510874707613
-485.62627834665466
-478.0576005836683
-480.7245090829268
-478.1715589122552
-480.7777393751897
-482.71948390851327
-481.08169420715285
-477.9053475446961
-480.74594247022895
-479.6244346817705
-484.10168367731706
-483.3633935530208
-478.258050441108
-482.52878199757714
-473.90930558290717
-478.3693559848221
-472.66293183561635
-480.9344282017521
-476.62841458976453
-476.62841458976453
-480.9660605018277
-482.4939838879468
-479.7355808921181
-481.5453442460906
-481.5453442460906
-485.4802416357793
-484.6952596316553
-487.10553369727756
-485.31604060487825
-489.8527634214865
-489.6393535427415
-490.2934284446406
-487.46984248290596
-487.54481435782884
-489.6275744967261
-490.55286734733136
-496.1007734532664
-496.1007734532664
-492.86014598100644
-493.548130213283
-489.16079898837404
-490.3894785731638
-492.32017245066146
-490.7640292302207
-491.9316020884445
-488.71971358718696
-494.37672025637426
-491.8336700753333
-490.50933052896306
-491.7706544614436
-493.1468002063528
-489.9341506024006
-488.97457025879737
-490.48590594374144
-494.582385027619
-486.2604899604843
-486.2604899604843
-495.70996899666693
-490.63547366560203
-490.87340279899473
-485.24890618262174
-489.35809785544797
-486.59785576725585
-494.8399076400795
-492.1742405425201
-487.68077897685123
-487.36057826259884
-486.73804265567594
-488.1085177295956
-484.25636913105336
-484.2563691310534
-480.2113665335991
-479.35934697455434
-480.2697649450961
-481.9603812932731
-479.6047565122708
-482.8128739137305
-480.61531961133915
-483.1755036534699
-487.66694519787603
-483.2777948834234
-482.4636348115338
-485.7622709254694
-489.51584466480546
-486.63973276716104
-486.79474067931335
-484.4054840855835
-484.4025236501756
-487.7910579075456
-485.36052539958547
-481.92630864006844
-480.17504783184654
-473.6579047501856
-479.86186098343507
-474.60075750346533
-475.8562599556735
-478.4088631030877
-479.81786963888254
-479.4485841030653
-481.4631414314654
-483.61167709270745
-488.03298539395917
-488.03298539395917
-497.22711967256464
-489.5650458497292
-492.44738352484524
-489.89293689722484
-486.48586935231623
-479.51231837339225
-481.6990109604373
-483.94099597867864
-489.22126123334976
-490.6878693347474
-484.15073915321915
-485.02483911207344
-475.70941894433287
-473.67833435256813
-487.86713091063785
-483.2234356830159
-488.2603261763115
-479.9788264749764
-481.8068656222948
-480.00812760463856
-481.52375510095476
-491.7991727441801
-486.2024292939693
-487.083115990177
-489.5205861057635
-486.9785762508972
-478.9238301716296
-479.0453940950719
-471.9229159004869
-477.8116337431346
-477.9747593438151
-482.43575063209835
-487.00287108850796
-482.47572306918113
-484.32293384532625
-492.17231610250616
-483.2120222103013
-483.2120222103013
-487.93723300599675
-489.79028752688504
-486.5170723239662
-483.35629570013174
-481.65161555631107
-481.65161555631107
-489.5015951623024
-481.22785641790927
-490.46173485170624
-487.105540210856
-487.5978450665025
-493.00855229316625
-488.50675391411914
-487.5440179652028
-486.98433176846527
-486.7977548930745
-498.10663050553876
-498.10663050553876
-494.943715033019
-493.31495793734297
-490.09611327298813
-487.7166696324127
-484.2365696795032
-487.63722283177935
-484.6162158009996
-484.0091411963456
-491.95613269131485
-483.6978590707135
-490.73475220707
-481.4806128862825
-477.9849833663362
-474.42251246396813
-486.79189781955085
-480.316663352806
-478.8008815989613
-478.8008815989613
-484.0255421013742
-480.4206089923783
-491.7956362638787
-489.09986910437135
-485.3031883338202
-482.2413314609709
-487.55891238920015
-487.326751200808
-480.027601127262
-474.42230504408445
-479.63902452524206
-483.5964402091803
-490.2330240339178
-480.9898139657218
-480.9898139657218
-480.9898139657218
-489.785233205063
-481.8966690761784
-484.4390338702004
-483.469055164945
-479.2411844949934
-478.44889685975943
-479.99632131635923
-483.27822195397124
-484.75155214639204
-477.86911994909053
-480.3999176176316
-476.8984676667663
-476.34666008863076
-477.6431921989905
-475.4055755210884
-472.2306998018597
-472.94042503614554
-472.94042503614554
-473.9798965893829
-475.63649255636454
-477.81525058834825
-480.3852564636705
-480.3852564636705
-476.5100952624145
-482.07731234867936
-481.61870990500597
-472.6864141945843
-477.26348247830646
-473.5830203820776
-469.3605084894674
-469.3605084894674
-472.10949315305845
-477.864797784735
-475.3833870928567
-472.8207775832515
-483.90372176540154
-478.8536735381713
-468.436132338978
-469.25922035725335
-475.492557163648
-471.4957402651397
-474.41439858978197
-485.6216550283357
-474.2552589260686
-474.5115077406498
-472.5505388037238
-473.6493692294228
-473.77814586990144
-472.85291310980443
-473.66662030799085
-475.79639895101667
-475.79639895101667
-474.07335376317945
-477.83883410498413
-475.08377282849113
-475.81694081189056
-476.55010879529
-474.0836694798366
-472.8818162009358
-473.0593548335041
-471.84885976810267
-473.00624044922756
-478.26666793230504
-478.96716673112496
-476.8245118085091
-481.6870941285805
-478.12195130620825
-474.3659390049581
-476.6220808940096
-473.32379637840063
-475.1995420842533
-467.5742943481381
-462.3434823266227
-462.3434823266227
-475.68258280466284
-474.36589311542673
-474.36589311542673
-474.36589311542673
-469.98498184721376
-469.3592478848185
-474.19077623842054
-470.4242066556865
-470.4242066556865
-470.633602079903
-475.43967636484524
-470.29425441300856
-470.3948374403277
-469.5676117040177
-469.5676117040177
-474.1363222774276
-472.37757977596846
-473.04252280429483
-464.99079600116403
-472.346648311381
-468.0316305764695
-476.7229187185949
-482.5691594068933
-475.3082280797988
-477.14807659004276
-473.8239064474211
-479.2276639007465
-475.7844097588025
-478.38404722082225
-491.5538313926756
-493.83168382752496
-500.0688651427148
-499.4617090375248
-496.86331666866005
-499.5182124759047
-493.7841853379631
-494.23568362676184
-494.4864574539976
-494.4864574539976
-494.20824701982355
-497.31171297750626
-492.79290227843506
-489.0359706138987
-489.0359706138987
-491.68326577853895
-493.14941917317947
-499.43883460434137
-505.124508230252
-503.7857632296777
-501.1257424057459
-508.16332552731126
-504.94883487381395
-504.14726571424546
-504.14726571424546
-495.6578030498412
-495.5258887493764
-494.0814240911913
-494.0814240911913
-490.2295240161469
-482.97903437173335
-482.2315010788345
-483.6208915223999
-485.37922690541757
-487.44396759226413
-482.92018957235615
-482.92018957235615
-482.08305858834484
-485.5590264711445
-488.5763329274119
-487.62521003718285
-489.810005018182
-488.99711207818103
-485.559096141862
-482.17853293891983
-485.1508325962991
-480.1965733096389
-486.8323130231553
-483.838095910351
-483.7250976976631
-477.12134317852644
-488.8984102469575
-482.4106925037694
-479.6495704704036
-480.8493136464786
-477.53294625559295
-480.6535318024745
-488.95826575221093
-482.5008946224877
-482.5008946224877
-482.5008946224877
-482.5008946224877
-482.47580141516255
-485.40521900762224
-482.51949165871326
-494.6563864012916
-498.10363906694005
-495.12416969973935
-491.1731021288172
-488.76701706991827
-490.7958738586211
-487.59336676398283
-488.37684810350095
-494.2510680218805
-500.5653498741497
-495.4543092433774
-497.70767678915297
-488.7960488013184
-484.0429631797183
-488.638785028496
-489.68477222894825
-489.45393686617416
-496.20752950416073
-497.099565497223
-491.2935157704412
-491.2935157704412
-487.8022076755871
-480.60324773720146
-483.2509198285394
-475.27921580599366
-478.8545808070995
-479.4982235971695
-486.36844014981455
-484.5723320856343
-486.3647206725266
-483.3748427070614
-486.4788768425821
-486.90790476874025
-483.40576402848626
-479.8478642242661
-479.68995110080044
-481.9544546869792
-481.8885599499891
-486.1950196850105
-484.070541505134
-485.1750977111349
-477.21533124330216
-480.17753659780794
-480.20401502497725
-480.3700491897439
-479.30881865630175
-478.99859652399437
-479.30881865630175
-484.73404915955604
-484.9466793081047
-486.0262922637585
-482.0794093794073
-483.34362662746435
-480.5206964014551
-477.80925367936754
-476.3636490900192
-479.94975292367866
-476.99087538704
-489.19596233583
-482.02780053053493
-480.567739015696
-481.960811987383
-492.0262637252002
-486.509478818679
-487.13961715354105
-487.0485663026008
-491.4354846950977
-485.44896548733334
-487.533022315266
-483.2912929869739
-480.8503429566523
-475.635250223766
-480.64953213655457
-477.07810280311463
-479.1522165054626
-472.7729474112501
-478.28508104429335
-480.33679908719245
-484.3633073167035
-489.2826525986693
-489.2826525986693
-485.8370323368628
-486.6294908704416
-490.1085844894186
-487.73267928353823
-485.59553894825234
-482.7854562844875
-480.8176580308458
-484.09765588625413
-490.2091289889651
-492.7933121362439
-490.0973873021968
-490.0973873021968
-482.2901781913784
-484.91610320073795
-486.0183124568669
-487.3104998811262
-482.5101999264053
-483.46275081500625
-482.636769534339
-474.19006124007393
-481.1968168914185
-472.98180376633974
-483.47657756861787
-488.06234114686816
-486.862402175882
-479.38246239044463
-482.9276222954284
-490.7346900878605
-489.32571054594365
-485.6502238760773
-482.79715129662327
-482.79715129662327
-484.1555122218429
-483.8032735654948
-480.87652234017474
-481.8112563395643
-489.7472585439437
-494.66708730321415
-488.12952751965963
-482.0666305061327
-482.43455182074314
-485.8706282918312
-479.43496045005617
-489.29970531832737
-485.8506833166713
-488.9423768771442
-480.65512351232894
-482.6888441084275
-483.54444838719616
-477.7298550732364
-478.34566865671974
-483.37416456693006
-475.6221278224128
-482.7150865571409
-485.33290414267793
-488.94898235382254
-493.8714518521299
-489.33217551928385
-486.25121668593255
-482.2901882226754
-479.94280256694424
-481.8168620389691
-483.3150882320209
-481.27493905361126
-481.53403088838894
-478.0503126749181
-483.3497447955994
-477.4795106680813
-484.3657819981503
-487.60346374890554
-487.60346374890554
-483.8984722057347
-489.05523882372927
-492.4534662667394
-485.24008482357004
-486.33209889436586
-487.64123393141017
-489.51329189205023
-489.7360299642701
-491.85479704044155
-491.7960389059436
-501.5625421581662
-501.8628332257095
-493.95852392704444
-493.1747090731421
-501.78128819816396
-497.23492882203374
-499.5914868078251
-501.83267903858444
-507.96886182783993
-504.4295718216288
-499.7058944313381
-500.12604621824437
-508.8307332133298
-501.82677140363023
-505.40919235007965
-498.1068591278768
-498.1068591278768
-498.60908542816344
-499.17763844869717
-498.6090854281633
-494.0596787091377
-494.4056500082231
-497.9412184432046
-498.17389057416085
-505.8733509033381
-490.4808294181633
-479.67640929319396
