-1653.748911762993
-998.7934740422058
-779.3668097473216
-778.7260784851443
-676.1865474786233
-596.2605190350486
-588.585632768339
-585.9736957394546
-581.4820937409512
-580.4777401614999
-552.0696118656774
-565.8106153907563
-557.6356954871821
-555.7926367445955
-552.5378802676602
-556.528826599823
-564.9266586357982
-560.0672561116554
-564.9896207273086
-566.022260383172
-562.5784133184245
-567.3716537937352
-568.8182428650261
-563.3429158141463
-558.0939901911263
-573.4918967815953
-569.0244223374293
-570.9689466931804
-570.9689466931804
-563.6046380537124
-571.122507531857
-567.2271993779165
-551.5538092996367
-548.6913451367533
-553.2090670071444
-561.7115448850161
-553.770067661283
-557.4665668114751
-553.2102606592281
-544.4766688697208
-551.3815746187134
-544.8551341196521
-548.7805141970241
-548.0406658739071
-550.6656361333195
-547.8599288119547
-549.5487566852049
-540.4827824571825
-534.8107774927073
-542.3689130579108
-536.1177144725106
-531.5045520301626
-548.6872565888324
-543.8492618198591
-528.8918947014689
-538.6558627852863
-543.0424560081474
-541.1366938244873
-547.6452065527703
-553.5562957508632
-546.5766165330624
-539.1960845382517
-550.8573462363182
-552.8062107108457
-564.6600378253206
-545.9631470985598
-551.252977995241
-553.8386705692241
-554.5713094757061
-522.3707649261431
-507.02182311291136
-504.2179356228306
-510.13049301497205
-500.73153536676693
-495.84263404099806
-495.05115377597355
-496.350759079965
-491.32836041669293
-490.6797849396984
-491.75796405747985
-497.66364972526134
-492.85256324110287
-502.23309307724446
-510.5429352705907
-501.81164610935963
-498.94956377306477
-507.5371765451941
-498.5240882996634
-503.1465993812511
-506.96053726949475
-485.2126594018243
-487.99131676225295
-487.99131676225295
-502.50670553829946
-501.1529748594652
-495.071520339363
-490.5637088597458
-487.90238209556577
-473.0649274766823
-471.624601574901
-470.5043599514034
-472.1292063345241
-473.5369375836305
-472.67420261973547
-472.67420261973547
-471.441515129734
-473.26975607114736
-468.6062688125549
-475.6487840993476
-473.1011730880484
-481.73570481290386
-482.6336579125139
-482.1822299359508
-474.34704669728774
-473.924441869549
-475.86279714959727
-469.7337408861697
-466.5605336389477
-468.52108234610284
-465.4532268541442
-467.6988252226139
-468.53941088933095
-461.9572966828364
-465.54936207565885
-460.1817682305114
-471.83064654335226
-463.43740914233626
-457.4725605410208
-460.5304383593251
-459.7413093104527
-462.6291634314979
-474.1269217514761
-465.2017062005441
-471.619578267171
-462.7185588435917
-465.8784172651703
-468.70142125478327
-465.1602501958545
-469.26721333361183
-466.93326693629444
-471.6581460245092
-470.8716841061118
-464.58464520821144
-469.34739946502606
-466.6720146984665
-466.66884605507494
-466.86071411787844
-467.15831208065566
-471.0442922462411
-470.13451746079295
-471.8867370502551
-465.71003495825994
-467.8227056684578
-471.16705984393957
-465.6248368794305
-465.4704275286641
-466.8656067384375
-467.6803564471293
-466.09755865360916
-468.3115943661659
-468.4083671704904
-462.64760078889105
-468.97016789316405
-468.94025902473686
-465.5094402188488
-463.4643951832267
-468.9711806724108
-471.2932237248899
-467.638201588099
-463.9183901944487
-465.00070091622473
-469.72097726794146
-465.6876872436299
-471.42659650452896
-469.0769474183072
-469.6454276260165
-474.04015042151025
-470.7438372596976
-470.45135792160715
-471.7640803791397
-474.18516611268257
-473.03632999941874
-475.6627178388451
-473.64162919837145
-475.1684082476725
-473.6062983518413
-470.48990050584166
-475.9587713447035
-470.2277472646414
-471.1652526451244
-471.2270663819643
-471.2270663819643
-465.9218522909417
-476.47970714021216
-481.1168110375918
-471.6349121648937
-465.2924147691707
-460.27307319597065
-464.15798951763156
-462.0226180818188
-462.0226180818188
-469.85156844749866
-470.5281804769843
-474.96512132300404
-467.0878524606334
-465.4716645869049
-459.209317590123
-460.73445266892475
-458.8722007762127
-460.07643995391766
-459.55163167139517
-459.2211350507729
-462.98688285107255
-454.9424457720111
-465.5739254217453
-460.26603571724695
-457.4286687407746
-465.541108965609
-467.9274289638367
-471.7634901021063
-467.53859424733275
-467.22802375359663
-461.2828581314505
-460.11730725262413
-465.72831020828744
-460.4875128824063
-461.1368093051325
-460.4875128824063
-461.8785280012428
-464.4122464755506
-462.92436883474426
-472.38847099600207
-460.8646361083208
-462.4483843946259
-464.4029024158738
-465.85293218058655
-465.9516744043221
-464.2480460590458
-464.2480460590458
-464.56257077963016
-475.4685773446856
-475.11555694270413
-475.5177687889587
-472.2896083479183
-472.3571884350986
-465.57435033934854
-459.37235507249795
-464.58393923684383
-465.66499605506704
-465.10312034751297
-467.6571241823151
-467.74421368852023
-460.4934318321511
-459.7428232409709
-461.2820581209524
-463.12853714317214
-461.4205523342059
-462.6386585427085
-471.69350993498875
-469.9080506405304
-470.1662164681538
-453.6514192560585
-459.3842848920167
-463.63858547340857
-462.06013324414556
-462.92138631887406
-467.8061147818276
-467.3152501222799
-461.82740261196545
-463.2048580537122
-462.79892511560337
-457.7663790970377
-463.16799498736094
-459.3374173029277
-462.5764103564057
-463.6876018101656
-465.9337141797643
-461.5510640514637
-460.01478544000634
-463.05658273852777
-458.7732305568599
-468.45882898715485
-466.4232392536647
-455.90394129095284
-457.9718917780795
-453.0518191963069
-457.9763348533108
-455.91244531521323
-468.5495196893724
-458.4708470263049
-466.9462880469969
-475.8125256428064
-462.83201004268074
-466.9020592150722
-468.0056248072762
-468.0584700040097
-460.0619273382629
-460.5025073692826
-459.62134730724324
-458.4091302080872
-459.8204048252334
-461.80339466105664
-462.4695958146804
-461.0888155381278
-463.6986027378139
-459.3809828402726
-458.1016450119844
-458.6331563245077
-465.2165862297827
-460.37687298135097
-458.2507443574971
-471.83350846214665
-470.7211519880412
-471.85534613919
-469.72213623775036
-464.7193509412495
-471.7563021388834
-473.08954302781933
-474.50956426404343
-474.2940274322226
-469.30998229547674
-471.4132605355442
-475.2052195124845
-475.2052195124845
-473.5745919487224
-475.94720967179387
-475.8706528342717
-475.9472096698104
-477.3200260928461
-475.16075803842386
-472.3300734333967
-472.6762859712204
-472.3854552839185
-470.27347259876586
-466.69715430345985
-470.5398575485718
-470.9558148037866
-472.3997661938957
-474.72095284051835
-499.05206069285214
-490.5660496177697
-490.2228191294023
-489.43490770511283
-490.2228191294023
-490.97124223845435
-491.3971287636728
-488.3600371282606
-485.0758972865165
-488.01238493503405
-482.1196912807516
-482.3768399516191
-485.479506739262
-487.3228423557335
-486.14694373015874
-486.9015796907497
-490.1843872527232
-493.23627154294707
-486.1926033134505
-486.44663294719294
-483.5723958583558
-481.3217383127715
-478.77781698479413
-481.47234257865716
-485.3074050925253
-480.700700047007
-475.2473960489508
-476.38524042857085
-483.45516835055236
-479.44641904780525
-472.83917553527345
-471.8372597230327
-487.7090591486418
-487.57759469101046
-478.56087988132083
-486.4235745992778
-488.9257136254484
-483.25225599435083
-503.87597714192077
-502.8474765958986
-489.6440959333878
-490.1615396295975
-490.381294404029
-494.331014832771
-480.3610139798387
-484.4596805026129
-488.4195381804996
-485.98121124310705
-487.51930562896996
-482.3799876313784
-482.01227536126265
-483.0271985949895
-476.9237398085288
-476.92373980921343
-480.10810473218646
-476.1641985566156
-477.81055401259107
-487.96198068981295
-488.44280260868163
-482.27006152508267
-476.32013175288336
-476.56323402278014
-483.2708349867254
-483.40159334771676
-479.7646807402729
-488.11671421469345
-485.3488087764144
-478.79112150165827
-475.31239896283483
-474.0879990313313
-474.62340516133514
-478.32654612803424
-483.17802666784576
-480.50410837374176
-480.33390028737125
-481.5782265607512
-482.8186857708172
-481.5782265607512
-481.84032597704515
-485.119987568229
-485.35483939205426
-482.69544087174614
-496.1692957208512
-487.37216889272065
-480.49861357496735
-480.49861357496735
-485.7930887588693
-487.12482093379174
-488.1430489173777
-491.3954176736664
-492.01554161245446
-491.08535570427233
-486.36952000868285
-486.2917458138216
-494.23417657883135
-494.4373129118649
-484.32434622091085
-479.22443218636766
-478.9538129104282
-478.9020264383751
-486.05728976314424
-478.4489803512514
-480.2025746387608
-480.2025746387608
-477.8906656572133
-477.8906656572133
-477.9466093353317
-481.2200994438786
-477.44720119570843
-477.40739525885317
-469.0906969568005
-481.3616236152915
-473.23244752231994
-471.6600603247943
-467.38307693846514
-462.70622001800973
-463.40472910028495
-463.4313313646202
-464.76259350920105
-461.64256926860855
-462.74914110401943
-463.90423297331125
-469.8999388255591
-467.85630492514684
-467.31046735280114
-468.61840983515435
-471.20655801508263
-478.2022751411693
-474.68867416365396
-479.1096502680824
-497.0126664750321
-493.70692251384077
-492.63287879331006
-490.51061047063615
-488.29776051819556
-484.3639263458283
-487.29286511786836
-487.77139838707325
-492.06286166816733
-487.7433720411491
-485.08223912255863
-488.6631145854366
-478.35567709520984
-476.77388862615425
-472.3378864676244
-477.9632579644783
-478.3592372660991
-470.96674017702367
-474.6298618951922
-473.1560164252245
-478.91359795142847
-476.24861897554985
-485.4505540160899
-481.5243934230962
-485.7109978370714
-487.5541463449267
-484.8501731777913
-489.9041323944553
-486.4102538182503
-486.12359710225155
-486.12359710225155
-484.3336872765624
-484.54929880218003
-482.43349490938925
-483.943440121232
-475.88469223747614
-472.2825635470785
-474.10281023666937
-462.52685331258425
-466.27825309926044
-465.2541385631998
-463.3107475109056
-469.6930858301225
-474.1869221427817
-473.6408244685639
-472.87669209868193
-465.05322902507055
-473.806216823764
-471.43163625163413
-478.6261060529384
-473.03784411635604
-471.5197040538159
-471.85979699243575
-475.1543171869887
-472.12899430083684
-472.198433795534
-473.253674902509
-473.253674902509
-484.50207177097235
-473.15899938842057
-472.7842360164929
-478.9203892201603
-477.4420636986258
-476.2601487109962
-485.6889882321032
-489.6641015676505
-489.6951192699569
-483.65514858739584
-492.8700699841036
-489.38923433180156
-476.54559167862965
-478.8883454712029
-473.2138221889924
-481.7535990232404
-478.5997107764653
-479.660738568934
-474.91243714904755
-476.41970052187503
-480.128724331188
-489.430592741623
-483.4687010262708
-489.08108858822004
-481.33693899715996
-465.2730978460771
-464.81333096738626
-463.3806978118872
-479.92206244307863
-485.9029335456083
-476.3146171068693
-479.77809029934355
-479.06247455984067
-468.14741491132753
-470.3953511356055
-472.3256126935066
-467.98800537940616
-469.1397195167322
-475.8179265046353
-474.2485406495068
-473.3586556176086
-474.68595184138445
-474.31713515730183
-463.9533311336621
-466.97365376077215
-469.857747963668
-467.94706836543645
-479.79422938072287
-480.9297138431178
-474.60516223137375
-471.94981217821226
-464.66914189438074
-467.31750318705684
-461.6634881348715
-463.64137357678845
-465.33537684668414
-468.14344929936163
-467.07366529244405
-470.3322243537463
-470.53004894897435
-465.5137134335428
-462.2952615379601
-463.62759036612476
-462.5817392138375
-465.2571309524996
-459.88780089043286
-459.41278280539007
-462.17795778031365
-462.17795778031365
-463.41285965893314
-459.45461771953063
-460.6081404216498
-464.7026420691966
-458.361669357445
-454.42089453402895
-452.75725293597503
-459.04063679012853
-464.34149888613797
-460.8875613436441
-462.07767744641
-459.54781631030056
-460.0681716273793
-459.33541055762214
-461.35145266094383
-461.3932783216164
-461.98899914604533
-461.19405964668397
-463.1089494110802
-464.8314756745638
-462.9855320164272
-458.7449105975088
-455.25874577560893
-455.25874577560893
-460.6968562745235
-470.30257243306806
-463.9013674361246
-466.65033856534444
-470.9704553561698
-471.37560905435413
-473.216228516681
-468.93926151885944
-471.1727952249679
-470.4024759136583
-462.6884122838143
-459.11098140111034
-462.358054694382
-463.7050179766301
-458.8246751527233
-467.28949581462547
-466.64898466567
-466.2522892501504
-469.0508109029953
-470.97293271839357
-470.97293271839357
-464.9373693422578
-467.228963655176
-469.20102836573994
-466.9107344225801
-469.9123792115083
-469.9123792115083
-473.7436308385298
-475.262000572973
-471.7845978909379
-480.9364787863772
-475.1550158082767
-470.27555172258064
-468.4222382097445
-466.4990223127108
-470.5680628614698
-476.10086019438
-472.12475537088596
-474.27507663379293
-474.68637533892587
-467.03102002670306
-466.3816564106644
-471.7131081497385
-473.9927675638985
-466.8251963939103
-470.53295367166766
-469.02534109923505
-476.76161417047564
-471.0232245240124
-471.99122922602066
-465.5799489075073
-472.4702595813983
-472.1335865687952
-465.1464791327217
-469.020095967985
-464.69107243788096
-471.5699048328838
-480.1970258461269
-474.1841335396109
-473.92633279860746
-473.01084919789406
-476.79281142077997
-473.35237528522566
-474.78898873455176
-471.0940364134828
-475.6352231819473
-476.9093563942708
-476.92841820384405
-478.2516283091107
-475.56913121201546
-474.469056119803
-475.00231987577416
-475.8544197076073
-471.63971621830206
-472.2422401888027
-471.8696740839641
-472.4227613422265
-467.560700769524
-469.5417001040665
-469.6227423575672
-470.6788270222667
-472.56243564737736
-473.90124765477395
-478.6900271254345
-477.3379671281443
-470.9987595058547
-477.0504077844083
-474.8112447732012
-476.0900136508295
-479.73901564339724
-479.92223423816324
-478.8751180706343
-477.31217225197105
-473.1368158144446
-482.75927730923655
-470.377646892944
-472.21333435027924
-464.3464266833586
-464.5259620908466
-471.53105174995136
-471.60059888236447
-469.2392025690088
-470.4946390304743
-478.99339704141073
-477.14251138600844
-477.14251138600844
-469.7463552931449
-470.7237188150996
-473.57279923955343
-466.15948791970715
-467.6031000009934
-467.43657926978346
-463.38185313085773
-461.31113882499795
-465.36224069917176
-462.84361552392306
-463.89918999473
-461.2650081394674
-466.8229047966134
-475.90271302178877
-467.83999946317994
-466.8797743416326
-460.75112740025116
-460.75112740025116
-460.75112740025116
-461.87031362049424
-467.53637279825404
-474.97290158366343
-469.59104221840386
-460.2024579291249
-462.80607231925865
-462.80607231925904
-460.00157377949506
-460.8704183284394
-469.22625842423923
-468.5704736941376
-463.27399776268675
-463.6440693254387
-464.82212391996467
-462.54374533870663
-470.3439427947145
-463.6504465339765
-458.4871845401992
-464.5459459043191
-463.9466421458256
-467.6838775854005
-468.8907712418214
-467.1991071770396
-468.78544819227454
-469.12843363276824
-470.82206398943
-463.5879256693875
-463.9504634313164
-474.59582141408754
-468.5585726882574
-462.9507380357771
-465.645619115336
-464.76306720343814
-463.673795265186
-462.17324733742714
-464.3986450951506
-465.07229848800074
-470.0946233219178
-467.3777701985332
-469.5193891952534
-470.7128705323575
-461.8011801376074
-461.8028857632033
-470.5277240100112
-468.2391648839144
-468.2391648839144
-469.8447129812539
-472.2701092663583
-473.02319740649335
-474.65891276721953
-480.5020254540278
-481.1776299451524
-477.3750687679984
-467.03371515365916
-483.6052352716196
-482.53869833169495
-482.19502967410574
-487.66684832409425
-487.6753505099451
-478.3336084901963
-486.5298638807207
-486.6484957594466
-486.6484957594466
-485.83457140324356
-485.5162160788545
-481.58545736977476
-486.05444573854237
-481.58545736977374
-482.05614838179224
-483.3774805975307
-486.683337656309
-494.0832641490437
-492.5027648458163
-491.7933340519379
-494.68379820508085
-495.1674423226812
-487.29515292344973
-483.868300025122
-479.233842002901
-488.55118984593986
-490.94997629043905
-487.5312450935062
-491.50816729339215
-489.9141167758802
-491.34835247114904
-480.63692156935434
-477.6527007674283
-466.84168494484294
-464.98958137678255
-468.8824566238704
-470.3065250311413
-463.9775756852823
-464.86190510466105
-473.444163349431
-472.044654433113
-477.2388215739444
-477.8911717158278
-473.07794423652365
-470.4851684015363
-476.267086323319
-475.5339722026168
-469.7882898686752
-469.4214466749532
-471.6018400652847
-485.00558353829734
-487.8714002886215
-470.28075077870244
-477.6596804185888
-472.96901011563585
-482.7706268526191
-481.66004626148003
-481.5308615855639
-484.8035205813204
-472.6947826055336
-473.1236134778355
-475.05401256547515
-482.9117895945123
-470.42837534782865
-482.46760614695586
-467.24671541973873
-464.9283026709608
-471.57061225182
-468.5909388932623
-478.08765606133693
-471.4807624874404
-475.4607136365889
-474.5219440701616
-474.7383566316394
-469.4816862309681
-470.93020709812487
-470.74920829605657
-474.5365339139502
-475.22720913874707
-479.7986346757696
-471.89658323035087
-474.46021010865815
-473.7347325724065
-474.0275537991022
-479.4774267017052
-473.86364184010824
-471.26295233212096
-470.190884576023
-468.2758243749934
-468.2758243749933
-470.9280505547337
-472.17307173855437
-474.8732509202351
-470.3549940327599
-471.94604925484543
-471.94604925484543
-473.29209345595257
-474.28388727500595
-469.43073989648155
-468.48242680109
-465.01494164115707
-469.8040262455116
-457.71176398511506
-458.3010383287033
-463.22296526308685
-467.85063956416866
-462.4216459090586
-463.5949655057641
-465.8262252206626
-465.8262252206626
-465.8262252206626
-468.2163776522467
-468.92475956010975
-466.45206954776734
-465.873445640624
-468.60973654400254
-469.55984642359783
-479.391706165219
-477.37099496979397
-481.11824408580685
-486.3456357747096
-482.8498660643018
-481.9656778398269
-481.94133528506114
-479.9294433879239
-485.4712597922602
-486.77177129964844
-486.77177129964844
-481.369079600988
-494.297401772013
-494.18980122499636
-491.9021554094951
-494.4049667099308
-497.0822770311328
-492.3573813508442
-483.44534206079504
-493.0423007506636
-487.24361313922486
-491.051043488306
-492.03273854726194
-486.0082331537954
-481.46878008416195
-486.16437555915314
-481.5434701927475
-475.1874103350799
-478.5879032877516
-477.14998396162014
-475.05226179938404
-485.8641690980534
-489.2552932216752
-476.9846721015884
-480.57646668182593
-480.7556278304752
-471.9744240375403
-470.7350712881594
-477.9042880385768
-472.53188294482794
-480.1310707206218
-470.5634066871319
-476.4868374799416
-476.20492476045956
-476.20492476045956
-480.76389363705846
-479.51412815263427
-483.15724190552424
-487.8509475445649
-478.1676619917198
-477.28901682470695
-479.040648065505
-479.9045063317593
-473.1236685110693
-474.0999432101864
-476.4335506780467
-486.16421364628553
-497.96343802150665
-480.09034649807154
-478.2819580959521
-474.7258484436688
-466.8448833681714
-466.8448833681714
-467.3334405616729
-473.26245306056484
-473.26245306056484
-465.6556392246776
-464.1160635807961
-465.2003257402396
-465.5063652733855
-463.1330818061417
-463.1766999317647
-467.57608356545524
-474.139656864824
-480.35031651368087
-473.6864766771572
-471.5749685797714
-482.76111067789924
-483.2623921112491
-479.34933493588716
-476.86610358276056
-476.64633464579674
-485.3719013571815
-484.93868139002836
