-681.022507358436
-568.2806212837409
-568.2806212837409
-568.2806212837409
-508.9473627997997
-488.36595812426384
-459.7417513387643
-450.6373737412201
-450.6373737412201
-443.0520649980229
-443.424897537966
-443.424897537966
-440.1232625708887
-437.8899948349354
-440.94525843919615
-440.23485964030715
-433.44580465849936
-432.6435864176141
-432.6435864176141
-436.08859944369493
-432.29765895303296
-438.84063291681997
-438.84063291681997
-445.05406138329386
-441.0100194123982
-439.5812606494008
-439.5812606494008
-435.32527516718966
-440.2050688089748
-439.57202246059956
-436.48882280743055
-436.48882280743055
-435.42986997308196
-439.63905029234724
-443.48205319737457
-446.756805312516
-447.2225041526163
-452.4099405696525
-454.26800782994474
-454.6794070763105
-454.6794070763105
-446.84841692675764
-440.6713454366207
-440.6713454366207
-437.24612597840127
-443.880592311585
-443.880592311585
-442.57279236301434
-443.46417254229607
-443.46417254229607
-441.26672877854526
-438.73966300286247
-438.73966300286247
-435.7377616934729
-435.90082446794787
-435.48264768630366
-442.0370978145282
-436.1821142829979
-436.1821142829979
-439.580587298263
-439.341194856772
-440.45149865193696
-440.45149865193696
-443.43657430492567
-444.54304036890414
-448.3278272846412
-449.62276586615485
-443.9512621873917
-444.01290370595757
-445.4148359024008
-445.5162942465653
-445.5162942465653
-441.0915130124821
-436.10025076760894
-437.7665888377462
-433.8146401190623
-438.8635716275086
-438.8635716275086
-436.0767793207327
-442.4930443667319
-436.28970367832926
-439.1357968245899
-436.8655135094066
-440.6953960243205
-439.1816552783096
-433.6455546201165
-433.6455546201165
-440.0778285972531
-440.6593099504242
-438.6969879328592
-440.28994139306633
-442.81319656557923
-441.8646518354587
-441.70181714722924
-442.95396488791874
-440.8509744718489
-438.88772506079965
-433.9306268245498
-433.9306268245498
-439.8352035822009
-442.83310924753056
-442.83310924753056
-441.30646804150746
-448.05149235037095
-446.9550496938574
-449.331044161566
-441.4759763872689
-441.4759763872689
-441.0023195211805
-435.8788530338921
-435.8788530338921
-435.62445021889795
-438.3394117125172
-443.3027186865378
-438.9993607395527
-441.16035268953846
-440.1414465060366
-437.98271589447154
-439.0677023709531
-438.6638959839269
-437.23567018454867
-439.25232958453165
-436.87244408684444
-439.2988854146872
-441.7908394188179
-436.33129673559694
-440.93259887786184
-439.8601304004476
-441.62430084845175
-449.33226535837287
-440.36122233348976
-444.36314024709543
-436.50004918654867
-436.50004918654867
-436.0645880564726
-432.5568819571209
-432.5568819571209
-433.20146906045505
-432.679278877469
-432.679278877469
-433.3096618356946
-435.8779278075113
-437.66504190583464
-437.66504190583464
-442.30223841017323
-441.2693790833492
-441.7646731974557
-438.8796218642223
-437.10544329494434
-439.5091486236038
-446.24653388496563
-447.9611045049233
-448.308270652175
-439.54689778285314
-439.54689778285314
-448.65615695513435
-442.8302250044291
-446.71291494103053
-436.2062436788756
-439.3094960466304
-441.46377932339067
-442.58690990187074
-440.1473311841117
-441.40636344806467
-438.69753412026176
-432.99014723052545
-435.6090669596919
-441.3614347523717
-438.7006936552229
-438.7006936552229
-446.03560425098334
-437.4695890843466
-438.603091610667
-440.15658286017623
-431.56082738298204
-430.0552319447488
-442.0266503768409
-443.2729765396475
-437.2581808343172
-434.71876728497045
-431.03146607533535
-439.44464138730405
-437.1062259684096
-439.07656278114024
-437.32694088629046
-434.186935934754
-441.32819456534435
-438.89357720829304
-434.9713171352255
-433.66737246405603
-435.66377909892685
-443.3640157769981
-436.8041000679716
-434.4558001177561
-442.38373239680436
-442.2755289467025
-448.6973130046222
-451.6529786730706
-448.91330248981814
-448.91330248981814
-451.94994579123716
-456.2950326571992
-451.52347369630627
-455.6464787938262
-456.22202081573505
-452.32183950744684
-446.3808518326184
-443.18067727161275
-439.6823488154091
-442.95350177101943
-441.53543084187044
-439.9700300104297
-441.38371117575554
-443.2041216020999
-441.0137228609168
-435.10823327270754
-442.52858204468697
-435.3561686581158
-436.15963093721405
-434.3939202267163
-433.74520207743825
-431.41582980512703
-435.24183626351703
-435.41203782737557
-432.85154217961764
-443.5020134323065
-443.83750610237524
-439.7950218763279
-445.3518507557104
-441.38216308483373
-436.4735657004861
-435.7784587218859
-432.1681858874279
-434.36413163927074
-444.17610732667015
-445.9791689534467
-444.01062970889944
-438.34067691019874
-438.40239161234626
-443.43088871431166
-450.38753445141157
-443.23315289732005
-450.9209656720566
-441.60523655689536
-438.79510197090906
-435.8726360261261
-440.26415751465015
-439.0740101803328
-448.50735764287396
-441.667419736973
-443.37947564560267
-438.86140088868564
-447.0603976694976
-438.7761252531585
-436.2777687428333
-438.26052829097114
-434.8296970630036
-439.6695433857028
-441.135349585012
-442.4868593435864
-440.92065595114275
-437.1907146286025
-435.9307333894264
-434.3587996754006
-437.0835586670451
-438.499949835545
-437.00720994260143
-446.3614759925815
-442.02668726748595
-439.79723819626315
-443.0340153231011
-442.94920736951485
-431.87815238992033
-435.7580814687977
-433.7440554790284
-445.61203735606193
-451.34204611883
-441.6679748260972
-438.3193747464508
-436.43487300088117
-440.6945912690202
-443.3093117427995
-440.7216646955062
-434.8188686909314
-434.6366401051713
-434.57095992455123
-431.6759386498364
-428.0727597443667
-436.1293758746362
-435.7384481803946
-445.38513735535327
-450.64439424479116
-434.8405505732665
-440.2524982421178
-441.97548660367875
-445.06578741605045
-440.5181217176172
-435.13760202809243
-434.35493696120056
-434.9444001466015
-441.07453508052555
-449.3972534125903
-446.3401958212693
-454.79902477759975
-442.35320269869715
-436.1553592570583
-447.69803874526553
-456.05489476652514
-448.1494022655183
-452.053208089951
-452.8946095869521
-459.71889118022744
-454.2047885916031
-444.82977611010426
-441.69344226897056
-442.4258518956228
-441.04662237556596
-433.5146456307263
-431.98115426415274
-434.3496273069117
-436.80066067540025
-437.52351309068763
-437.2740982993976
-442.4695421702455
-434.0670431496954
-438.0717691502209
-436.638341769407
-439.8259792653283
-442.89682981328957
-438.0205936970245
-440.01588544666714
-446.65258154488566
-445.3623629339018
-440.7091622081984
-435.3690888305651
-439.16623591203324
-436.9310352038825
-433.0499426447142
-438.1088284493783
-437.8096207992556
-440.36872817685656
-443.85700733067654
-442.35007769337716
-443.9634819197848
-440.8146533756084
-442.5005386277944
-437.409184803034
-441.3601993510102
-433.229412541028
-437.9714702681371
-442.74122539564115
-438.2312962293531
-439.05480698484513
-438.79192157546834
-439.484205645293
-443.4181553511276
-442.73326107189615
-439.04969853273644
-438.45890698335756
-433.46308037598345
-435.5750644649913
-438.2509514117986
-434.81285763458874
-444.5504564280685
-442.8408456210325
-439.6549886403897
-442.75893993614767
-443.08411914784557
-441.331428155723
-437.7505415800355
-436.85635465583835
-435.4641645844175
-441.49379659745864
-438.3424376097269
-435.7309294114606
-436.3066365115136
-436.17181633575706
-441.2444865235059
-443.2441782903724
-439.9384563113549
-438.81001440010874
-443.2755331353672
-434.5351552370092
-439.225982713756
-438.696312631148
-435.70753952152535
-443.69432492385386
-445.28944075370754
-442.32858258267055
-444.59372383235973
-441.4878356187462
-439.55124640890693
-437.270889941216
-441.64995792112114
-441.6404336585358
-440.45004204948833
-446.00131771643066
-446.340795865659
-439.7086161459082
-442.2394165539219
-438.8448433452774
-445.5335032981832
-442.51807748185956
-443.24048957367296
-431.56670830034204
-431.1910757380153
-436.8826992932016
-442.1208913228331
-433.8627257556979
-442.18246092565647
-439.26221828646766
-428.1945778671257
-430.8097838097034
-437.3566523397204
-434.563758556302
-432.7874736962517
-434.18120268662864
-435.01123484163276
-435.8189392297703
-442.05804074116725
-441.3051257755262
-443.9218646282168
-442.9114151695312
-445.3752393628073
-443.8692831083546
-442.8010002272875
-435.9750500249719
-443.04210820017227
-439.2429573679916
-438.80883225696704
-432.087864805403
-432.4722964595264
-434.55654724481894
-432.27140994397837
-434.0149019563856
-444.2281776065177
-442.31340829525095
-450.3306704181941
-453.1097254741232
-445.12514510582264
-442.67499461358204
-446.63929898462624
-436.07695768327574
-434.56061227160296
-440.04871890957924
-437.2101904045575
-438.3870223879482
-439.87500006429946
-439.92858971046286
-442.33473832506485
-440.9068327396613
-435.9361142296836
-438.09059093900805
-444.20816957103705
-440.90348301722054
-446.3307061021094
-446.7354634632624
-447.79807601987346
-447.82200397600224
-442.94259991969085
-436.788142738801
-443.62606043086106
-445.96136434376126
-450.0710957729253
-451.18533979870983
-459.95510255787156
-453.98872224937685
-450.036320423561
-443.22312816712645
-437.2389575827091
-439.0659582985468
-436.03799773599826
-437.5112135645183
-440.98951313240286
-443.57804966503863
-441.19304335192453
-445.06320561125057
-439.1134609890245
-437.47065884423887
-438.8664211573091
-447.447888329239
-443.176396312378
-439.60663662119407
-434.5288413510493
-438.75958636981534
-441.4477547767901
-448.63311269229837
-441.41632624863564
-441.1613377381984
-451.4005296512826
-446.0057275510875
-436.28919750146025
-434.79016930718257
-440.959299339804
-442.6366473499562
-437.6409925658384
-441.5734758744487
-437.5800823489761
-440.6943658353576
-436.55410508191494
-445.78878160490035
-439.033425217753
-440.30323821380034
-448.44218935308874
-440.0689908482831
-436.2425911715139
-432.47551201589016
-434.7170626320925
-437.4191405980365
-437.227477402534
-448.0212912328381
-450.89781389548426
-443.15792240811464
-447.92128952123096
-445.15807067576674
-435.2986760537138
-437.76341104724435
-436.84814729354423
-438.71601589257966
-441.6617076217666
-441.55261634222865
-443.1562120631041
-438.2445540491055
-431.8945193565841
-436.2757352644463
-443.68561016398746
-441.1425703526988
-434.42414973254915
-431.8037566746411
-433.7769614847992
-432.6443304100435
-433.9257938524938
-441.82463578567047
-441.68799942895754
-445.89724373688404
-456.1344216495167
-448.67896349219285
-439.72738744311
-440.82287824101735
-439.7288180003556
-440.572891606423
-439.35807380918203
-442.49143269527633
-439.54458438129984
-441.67506844678087
-433.7171321768831
-435.98356325124115
-443.51152030861294
-450.9636381267152
-450.19075987816717
-448.3725823955998
-448.6111467935722
-446.5599643757265
-449.1430881303197
-443.2472529345912
-439.77145256248264
-436.8210924180469
-450.09742404817723
-448.6855000971773
-446.01361455699157
-442.11005588737714
-442.96532696096403
-439.064733881767
-442.34060332144077
-438.8087972722774
-438.90613847319
-441.3241930402402
-440.5375045027994
-437.572836673741
-437.62848189745995
-437.2259398372566
-432.8388198382711
-437.21725678340414
-436.85693081458334
-442.81617754139154
-440.7022416118027
-446.1881874086273
-442.1057452993482
-440.03463812121595
-440.5582902602624
-440.6101276412985
-435.9555232437684
-436.1268266874026
-434.2444856182094
-438.3894917721204
-443.89243507240724
-450.10596139857915
-448.8832959699597
-448.2090186298073
-442.8736857801124
-439.1187251725882
-440.0262427955828
-442.70365644131954
-434.40420503324265
-442.34602813496235
-440.2132519699494
-446.6497560211385
-443.1189856404895
-445.7501562391972
-439.54663411097084
-437.845855293734
-437.09239797137064
-438.3580218330071
-437.04636967940854
-437.25472559226216
-441.7012224131297
-440.4310648535426
-443.08044626914256
-439.4972164104386
-438.82771486196685
-435.35388143588926
-441.8986391714921
-446.1518948005471
-445.80217394935534
-444.90520630448333
-437.4521854048105
-443.33258547440096
-439.2840579218831
-440.84990601625344
-442.9072571459954
-442.64482146618667
-447.44776489091487
-446.4556046219418
-447.39552178199756
-446.3826363141225
-447.2935709141946
-441.49073462310963
-452.6241199154452
-442.9848626948938
-435.9030759810764
-431.0979048980857
-434.16187496518353
-439.9620041045514
-437.12456621228705
-436.0479652161054
-430.8384093339281
-438.90614766412745
-438.36397782176584
-439.6205921811896
-436.7179897465387
-438.9954969229049
-440.2358330171737
-438.39247791719896
-435.9838396107479
-441.7552738964665
-436.00988730328834
-437.56396226280975
-439.2113654876105
-438.24423050634044
-436.09577464700493
-434.3114940875474
-435.76075994947223
-439.6608899980311
-441.4204412772434
-435.74024945906615
-433.3514326430903
-438.00028978214624
-443.38904708498296
-436.43506901853925
-439.48154204352824
-441.1386115505955
-441.13117138664603
-442.013232871482
-434.9030707240876
-432.79466479281945
-432.7389169121363
-434.24760535177654
-432.5164659442455
-433.74748140525446
-434.42479314280064
-439.94574729942644
-444.98401068050185
-446.6324616873896
-447.0319690080324
-439.2304426134665
-441.53894470375633
-435.9458473414583
-434.4676729934442
-442.5335629244761
-433.1131299071578
-436.2515540116848
-445.64633462110237
-444.1910595702208
-446.2621515148193
-445.9585553830548
-436.79871157598643
-433.114197545075
-434.0198221297417
-438.1814364470994
-438.0162814215364
-435.3364865577787
-436.81879546017217
-437.8259966235195
-442.60796716519485
-438.724780169556
-438.90729754644
-434.9170073300891
-434.2702832199002
-432.39032182059015
-436.583188327197
-439.5998092135479
-438.66071896672634
-438.9628739960899
-434.5122779989255
-441.9190880450914
-443.9327274445902
-444.375059654317
-439.44199365864046
-442.15776512856274
-443.4444347887502
-444.1800094324713
-446.6932953869287
-445.0319582629225
-443.9265963374672
-456.2765142506008
-449.5794569214785
-448.02986397664506
-437.4727835515702
-437.2128515549045
-438.8382575218252
-438.27587067551394
-440.8532743594048
-441.3679413929718
-440.4569046106576
-432.42857676360114
-435.8008029373663
-439.04004670777084
-443.7862811376939
-433.30773925826554
-443.44294471263265
-444.17891089315685
-440.422841032802
-436.4442349474418
-435.5962849529177
-434.1897348567244
-439.6330327632728
-434.34512457510505
-432.20999138100694
-432.20999138100694
-434.1793757694429
-439.78406256889355
-441.4994232956168
-442.8152227059385
-448.3411695367852
-444.90929030622107
-441.13744123621365
-440.03310965329126
-440.62911273861494
-440.37770496658493
-438.77517791457814
-434.3173883457372
-438.0279187876781
-443.0252464176805
-445.6298705867326
-445.3099805942428
-441.21700413731025
-436.6656803859777
-437.99307810878616
-442.16279174420765
-439.68005543984043
-443.5512995500229
-446.09029151172035
-439.64750396591774
-446.68952506844283
-447.58356839709694
-440.3136551169936
-438.99955565780976
-435.3410317814502
-437.4470767127513
-446.16115822906477
-444.65934721215444
-443.2575980938359
-439.8893884604592
-447.3854588898612
-441.8029468296833
-441.08007094151617
-443.2872675415592
-436.8617230004765
-437.7998628515665
-438.17004757781024
-436.3252466228915
-431.4133547259945
-431.4705831101498
-436.98873800424195
-434.0587752697529
-437.30908669126416
-443.7525762888121
-439.755613712775
-435.1862496601907
-443.21579001822687
-438.33018547920113
-430.9478644360819
-435.5298828128911
-440.28852724521516
-440.05092722908313
-431.831242243966
-434.66812538991127
-439.76590931268703
-446.5597387306841
-439.32124903547196
-433.9299460914552
-435.17951848718064
-435.76290826070095
-448.8373437662573
-446.98349637193473
-435.23356807588294
-429.68335366316785
-432.683574593999
-436.1106244280346
-437.46712363134037
-436.50479693096787
-438.96528132078805
-443.14299026786813
-442.7287283116761
-441.7552924724936
-440.8231559081499
-442.75292416824095
-439.03017234328394
-443.15182178526084
-442.2952455237577
-442.6203063495865
-442.111105571306
-438.84603199971804
-437.6651818150829
-442.3619595173061
-441.2445853801356
-443.6040693064399
-442.7998344175027
-442.89363061058987
-440.66284916540104
-435.77151460471055
-433.71647471280005
-437.0794110497904
-443.8370142157999
-448.17157819124765
-444.3350579005191
-434.73963436042004
-442.84731212146175
-444.5874365787894
-442.85498997338175
-442.5864786305919
-440.04827362582046
-439.6259087274172
-435.18641489407923
-433.01420035386184
-441.29091762934877
-442.690636202059
-442.77359232233033
-444.1143435436166
-440.39036447081656
-438.6084165699712
-435.5862730143072
-438.6445502696622
-443.1171850519126
-440.9365682358931
-439.5757370498359
-435.1138134576623
-438.2946338190556
-433.6525267502618
-435.8983740203338
-432.79939328331295
-436.0025840594941
-436.6844847988891
-439.4549451022536
-443.48925980004543
-442.8855799902399
-440.32032472797823
-441.64465871553716
-437.91306244020507
-443.2977455645292
-444.8738649652874
-444.31962707020955
-438.94781273507675
-445.24466173863857
-442.0695529769612
-436.49998170593295
-434.5801065619738
-438.4763881663378
-445.9723742585301
-446.4778338491315
-449.2788496416978
-450.51218128895334
-442.31401774230625
-441.04273313423295
-433.1012805543715
-432.29803551057336
-434.695840458284
-438.8668143409175
-439.2496408061611
-444.44530754331606
-444.7586889857624
-444.42392518743316
-447.7470955527809
-452.22013231254357
-449.8389111472857
-445.754226034469
-441.34281578399623
-439.52715278435176
-443.66333915804853
-443.0753608955118
-445.0199670111603
-443.6535096983666
-438.9614666639737
-438.010713134461
-433.4849030546169
-434.62814419702977
-438.6740792462434
-441.24887037285316
-451.6237404360861
-445.51840839969265
-451.99107913603024
-450.46249098354775
-451.4718637222978
-444.12757911768267
-444.0011877817837
-440.73119150252637
-442.8034125455591
-446.61133135669456
-445.4605730663744
-446.5110408298319
-441.21527413746713
-440.32196554730615
-444.23453244798816
-447.43909309469626
-439.9180314446899
-443.4538416640299
-441.3390172170629
-438.758823398444
-439.83583704441236
-434.98210288749704
-436.77663092528195
-431.41102169825075
-431.11096197277703
-431.855923461335
-445.1011809111028
-440.20129569878026
-442.69970116940976
-437.6729803874755
-437.4885077888934
-443.25583767249475
-440.3780649165003
-439.2462194854241
-438.3849373560517
-436.20626898011426
-436.1624448443729
-435.5786209394088
-436.2325260235834
-439.0712518390384
-435.7847876400197
-437.04981406471626
-436.4556881588701
-437.772201256221
-440.8297532551874
-440.54347180442477
-440.0095700503356
-436.21682243364035
-437.76384639534797
-437.858888611887
-436.41747875784773
-438.59274531475427
-440.9420679371937
-439.45914139016594
-451.7842512930425
-446.2687853435052
-440.26466376367966
-438.44788507053613
-440.4433949823551
-437.5323046951383
-440.12390625334206
-443.0405891890503
-453.40782745328556
-447.10226581141654
-443.47494160431376
-444.7369066893477
-441.65124964632633
-433.04631164467435
-430.35853655028836
-437.3439688498522
-445.5291929626758
-451.0604931975298
-441.0193312254448
-443.30009285872154
-442.95769980661186
-451.0763370448142
-448.2539819898232
-440.64545888866746
-438.9708515714469
-443.59310440119
-451.5107586416637
-439.37918493353766
-438.50567474900765
-441.0263474947197
-445.99738693384194
-451.4706573065257
-443.9511807567723
-436.1190923715394
-439.8394753390501
-445.6080563413915
-443.9769687225718
-439.67134202312747
