-1271.2211832831422
-1173.8406895083822
-1173.8406895083822
-818.2169423668432
-752.4480714424707
-647.5506424963153
-616.1076417360858
-608.0604970523524
-602.509730105051
-601.591744595603
-615.1284684183508
-598.6525465254866
-598.9056309993395
-596.9600764406554
-587.7873332784147
-567.8489536463302
-557.6853144225648
-529.6569451967133
-511.15850490292434
-507.99856073174976
-503.70482365718885
-497.3656973454181
-497.6100783319914
-489.91096894571047
-489.42918659494666
-495.7032768619735
-497.6235440035851
-499.24293062565863
-499.0960802878048
-494.8292336224497
-499.46549326750517
-487.1461763168847
-484.91597099559897
-489.1775666861219
-484.25767030069005
-484.54811613729663
-477.61394900238105
-479.7761175874668
-484.83702755673653
-485.5865632024464
-491.42701947154256
-483.6592600841248
-492.81409653247096
-491.3441878259472
-496.60027906809034
-486.0470209583525
-483.5053543945284
-476.4706426592936
-477.6986450426615
-484.6299259693507
-483.7413756580385
-481.5109386545203
-473.69932501445567
-480.04551046652864
-475.96614458682086
-482.21802540953166
-477.1625537526359
-479.3185434099558
-483.50060767358775
-486.8736803032109
-486.8736803032109
-486.577229985827
-489.8179619837284
-487.3316731326132
-482.91405655889804
-482.433737341591
-472.5273973509622
-471.2649734191321
-469.9175666626694
-471.30618816538305
-472.05414803259384
-471.6152509847326
-477.6276563062777
-471.1946601173347
-475.75169340299874
-477.9489972611519
-471.573185110329
-475.24192167211334
-478.29989919233736
-482.1448810889075
-490.3512919677025
-490.0062613925242
-482.3093494951905
-482.8366094376467
-472.74095891468676
-472.2867410548389
-465.2971105165635
-463.0089863888579
-467.7823435724216
-466.2600172367633
-467.1231278977422
-470.3494202570638
-474.03981246002144
-468.1945886014359
-469.13787671699345
-472.8628987584726
-469.75647397119656
-476.83999704636534
-481.77849989398743
-479.1229209750994
-479.1229209750994
-476.04956609242873
-474.6260023493624
-476.17042428780485
-487.85505471490416
-487.77292099740936
-482.63356663324066
-488.42316732624863
-479.8737940232889
-475.4309200720253
-480.88361668528626
-477.2683222437976
-471.9290980230814
-474.1638763229408
-477.19511960167534
-471.46462681242747
-470.76184960563444
-465.42883550808386
-475.9378899680608
-471.873477978587
-470.0948809892212
-467.3383488216558
-464.0246334049999
-465.3463359688937
-468.3768290865373
-469.47703802886593
-466.3568604959203
-470.69168887351753
-471.5644846681275
-462.3241472007505
-468.101998544708
-469.31834743013223
-460.91366103775596
-464.611116022573
-469.4475074993537
-465.8450698459063
-469.5087791409857
-474.2876590827307
-473.15180231959016
-469.2706805452534
-469.53548780652284
-468.74493179429925
-468.8670907190178
-468.8670907190178
-471.5998307534149
-465.34766153417354
-465.34766153417354
-465.4023179578777
-465.2749064805639
-467.3485350328668
-470.0001194767196
-466.90262292824235
-469.26964408199035
-479.8764169870616
-478.48589673751684
-486.572567875035
-484.26180441304086
-480.6640593376241
-484.20431886345983
-489.26593162568537
-491.1666961228975
-477.60468314502816
-475.90960440933634
-473.0334344428178
-475.5072460668126
-486.2925072680332
-481.09857320206015
-485.24405182169056
-502.41896059904616
-493.5456789362288
-499.70725493082637
-504.9069169769444
-502.9422487003215
-496.27049601627004
-501.706857170135
-501.62446379110366
-505.257201209001
-489.2298555153893
-482.6968604387518
-486.50202415257735
-484.3219013619627
-485.12432132597723
-478.6559029030428
-492.3300575485631
-489.0080477846652
-486.11443974340546
-479.73201896425036
-480.00502053243747
-487.17460633567623
-477.1883639860198
-479.61970999944157
-473.9389790298604
-475.9120074423456
-485.4079120812874
-484.9595436727587
-487.49652085758675
-488.75692443357104
-486.6642439925618
-482.2752146618429
-492.82907614202065
-479.0510962428176
-479.98431583901737
-474.9247122897773
-471.86429666045893
-470.27020938661417
-483.99522170100045
-473.9615657603582
-470.36830341749396
-470.677567495034
-478.02435975228855
-474.70715190013914
-473.9467886621163
-480.82263020196183
-479.2943415604794
-478.8922725564619
-479.466276204942
-476.1512740201187
-473.27376945002885
-471.82487647470134
-466.4615185893997
-468.17559990294876
-469.761328685422
-468.9261651182098
-472.654733859044
-470.8853945149574
-476.03431634213155
-474.73033375121815
-473.83170594172486
-474.67995935258097
-466.73136344023993
-458.70675209677955
-459.85244874931976
-467.07041504995794
-460.6267375096865
-467.2700688923484
-463.29909262735157
-463.77716268522454
-469.2852802350918
-467.50635650086855
-468.53396385768525
-460.34511583800463
-476.75586144452706
-471.0364025985751
-477.64562628768783
-473.5162157592931
-475.41451006720905
-476.9563777577386
-477.3703662695007
-482.929901738487
-479.7816663334216
-474.3704693640025
-474.74003614562463
-473.58278048519094
-470.7619493906406
-473.25223700960925
-470.0549793535772
-476.7173488637003
-483.0263923656679
-475.6672110726363
-478.80742304785326
-484.2575109520244
-492.831051340493
-481.22721827209887
-479.45107752370217
-480.1388595603868
-477.0974949400605
-478.63798194462936
-477.4723107586048
-483.19347149264934
-481.04531479523916
-480.79499034212074
-480.5494048380106
-479.0656678279542
-482.10046694064795
-491.488719998536
-487.78019210473
-491.4241941469846
-484.2934497543884
-481.98916354917776
-482.9147243372105
-486.091025580549
-484.4658266916795
-481.62034480487284
-484.5145342035027
-487.1010985410314
-493.7453536254294
-497.05255273676437
-490.6910688021139
-487.2547944025232
-489.01537818420684
-478.0226997950644
-465.4466220708811
-463.7938943564887
-469.17816794277144
-464.73242638254067
-468.82338543824073
-471.0902274775505
-463.6536550222624
-459.47418469359116
-460.310131102583
-480.0893387374106
-472.66051385814995
-463.06990479072044
-455.9116127557713
-463.97044243021395
-466.10879186346773
-464.6924076496004
-464.3435985936626
-465.96829718607074
-459.6619550591416
-471.2365021877367
-467.36058005745474
-464.8143954387592
-464.4120283273967
-465.4548396555245
-461.0922889233038
-462.39708721566836
-470.07162480864224
-471.41263424841526
-470.74318781588835
-471.67883015039007
-471.79732871406753
-472.92084766406026
-475.0027385530332
-464.8965126501502
-470.61076971517235
-472.1469976372981
-475.8867251155159
-471.6787188989614
-470.3042763551244
-475.1070860855504
-469.4820553497597
-471.7814776225012
-485.472743224895
-484.2675484251774
-498.2571606107671
-499.13208510654675
-496.221403636237
-499.84680384560664
-480.3041143472713
-485.58137808411465
-486.64228949721064
-486.1276434837787
-492.2954609103639
-487.59211323767687
-484.32588779315347
-478.8854074670313
-482.63769037327955
-483.04433804456846
-482.0137320539012
-486.9040215375756
-485.9225253787276
-488.1334886821552
-487.56072270613237
-483.6356173170249
-488.5537153503873
-484.3363378597425
-489.50180237937525
-487.95285736744216
-487.3107142187639
-483.6282470535494
-483.7601279797515
-485.10078606794417
-493.53068014778825
-492.23857819832983
-494.81147465991296
-479.1267723387132
-485.5400415626874
-491.2100498107453
-482.2321841638294
-481.50624013542193
-483.48929742929533
-482.24517991919794
-483.3444361409662
-482.9612289143423
-488.3719208292042
-484.903232672957
-480.12991251028643
-492.29061939944927
-493.259367871855
-493.36527790259913
-501.1757984555201
-500.2290242293096
-481.36131631134464
-480.9600156973856
-469.17492242931974
-462.16601161904185
-463.5369213496021
-473.2920482330907
-476.2752605713001
-469.68825902364756
-477.5751705377311
-472.65319759706864
-470.2408079488828
-472.1565078956086
-479.00167988660127
-467.6435086141941
-464.52621591825726
-463.42149824627745
-477.5505576733031
-497.1319837804109
-491.11782181331284
-482.96016451881087
-488.61912595367926
-478.7719393249606
-482.1935922380999
-483.8779637234368
-485.2136008260936
-479.7805808466992
-481.67106715746877
-480.5707909724575
-481.0032396790324
-475.4507503551073
-482.6747240761998
-484.5331090132865
-481.1076035523639
-480.67956351376364
-483.59625693640464
-486.06055975613003
-476.61739943553675
-481.9018436190696
-472.095097231282
-482.85843536438597
-469.66990222868094
-464.45205139799486
-466.4430717365087
-465.12010744861567
-468.391273381209
-466.97766582673387
-474.89169758239376
-482.6027645210067
-478.63737762817345
-477.50028475162134
-479.62012494576743
-481.66993155940656
-479.0019116796766
-479.7627064064497
-477.4824207989572
-478.05483215815195
-469.41452816904126
-470.38495573181905
-469.25473738286917
-466.09098628447265
-477.9529560117853
-474.33450898319904
-471.80689117444047
-474.3852207986957
-478.68724921642837
-479.188155373032
-480.6438756607427
-475.5046488870543
-470.66705997829916
-476.7087211448554
-472.9067286486184
-475.13744908881876
-475.1432306882184
-470.0800605076511
-473.43844360353944
-473.4157592722521
-469.36466540775984
-475.25500095766205
-484.90861609173686
-475.6983911349862
-484.0004984956635
-478.46459413686415
-481.3304491085042
-484.2344269284529
-485.1672722549098
-483.6849993550789
-493.5928743961273
-479.66928002515203
-475.3227406719849
-483.1955456648903
-466.82231443517003
-464.9406520588569
-467.46140803334805
-463.2102137834049
-465.8131112215186
-473.0655322107948
-479.3307022343382
-476.56535769182733
-485.0570513359375
-480.5577188238113
-474.28655737031386
-481.2959149019599
-479.49050329763816
-486.90437226529804
-481.8612478834474
-490.62456418838326
-491.2912678076113
-482.42221019109707
-478.07441693642073
-480.73107785219145
-488.6144121380455
-482.4264612223621
-479.819407792036
-479.4903167128169
-480.77751441882305
-477.0826038194108
-481.9880912965334
-480.64745551566597
-486.92095196649007
-484.13097279858465
-481.9990032006393
-478.5235895528902
-475.55408886241173
-473.6479083736373
-472.91103560077795
-483.1005954962755
-485.59267873085696
-477.28069438047305
-465.2231625137321
-463.84686779437334
-465.4850866904583
-464.3526565190171
-466.7226112287742
-457.20876854964087
-463.83610581241163
-468.84832795361837
-475.3758802127412
-482.38642390656923
-479.5829214622692
-472.33006072214795
-470.20480076411076
-466.07622594568016
-465.2413245095636
-463.9658841034266
-471.98865966959903
-469.88895370329874
-465.66893142486055
-461.62712083101786
-463.5971379901962
-468.032077010283
-460.26078789373764
-464.72394729224135
-466.90297443097984
-466.03712328595014
-458.7373787813911
-458.906437220685
-459.8497505177981
-463.6156591598133
-458.40056512292125
-455.7269466144378
-458.2607583514406
-453.5790986336152
-454.44491973214
-455.0329239889669
-461.29902367124913
-459.8620088400073
-466.2660027724599
-481.53118605578675
-471.16461573915217
-469.2746171661962
-465.5460376798525
-468.82606305402754
-469.5776360541642
-464.2706830845208
-456.87486265150665
-457.7399167643152
-460.0163004612812
-457.99602055576696
-452.0151043887591
-456.5800057169447
-457.67538286769684
-466.06719831620893
-472.8539036485492
-467.0495373503202
-469.22342051681136
-463.93582176015065
-464.155846468776
-459.699835173945
-459.0846104875213
-463.0861120343092
-457.58956525054543
-457.4024005836771
-458.12236653164865
-461.97731070854377
-457.31847672931764
-452.40399184981624
-454.2863610136182
-454.91711528768485
-466.4195720245049
-465.13393094025895
-465.30259542234086
-463.44624277936373
-463.7251540961949
-459.6748417742165
-456.8354180095251
-457.2185125243685
-459.0382238401315
-459.75735183800543
-456.968515354495
-466.5498135580428
-462.529798292992
-462.56407193744974
-464.11363226374317
-471.4773819930636
-464.0935581976499
-463.34569988746387
-466.7804436133774
-468.3310812456921
-467.8838138662267
-462.65080169009724
-461.2291641688275
-461.5065976186889
-458.37596471060004
-454.4360665055212
-461.67438580208267
-462.2865018568237
-456.0306224752499
-463.9791708260517
-456.722384462981
-464.47524581043734
-460.61378047419043
-450.40883795703564
-469.61475551097556
-466.5279569557196
-464.7216507736418
-462.7693337083657
-455.7196213072131
-468.0492370808681
-466.6618230172767
-466.93281028259065
-465.66811944284217
-466.3552604782874
-467.26650403158385
-465.83935155438
-470.78058236208864
-473.1993522577406
-465.7207220573336
-458.51861610408093
-461.4335965083327
-460.34890066599456
-463.9077460729063
-453.76929349513455
-458.59560384328506
-460.4319659881366
-459.8256825360571
-458.05030408110434
-456.70052348153473
-458.1137188616851
-461.1339788588702
-455.7028299838431
-466.9646277793133
-472.4503417731019
-472.38614005252975
-466.7233136477961
-465.76488172978844
-465.76488172978844
-463.2369705588657
-462.1708414929341
-459.4973575385617
-469.8404156531825
-479.96527897110997
-470.590167794063
-458.38951259408077
-462.14700659159985
-460.39748284693843
-455.74787524115857
-452.4571304138413
-454.31447371717866
-455.15300091678546
-457.65462602025497
-453.509999450184
-458.26243568415214
-453.9672645870064
-464.32379256763596
-465.400971921879
-457.46120732681004
-462.2924258917473
-465.35473420872637
-463.9204407639502
-465.83599156754013
-455.0437383772214
-463.6686139932555
-469.7930556118714
-466.2370114223586
-469.5716485856451
-467.77196565318354
-466.3162689498189
-471.95705302118097
-470.0882311143739
-464.1317621652086
-465.1407205099818
-465.28122207780837
-460.82694772254433
-459.4855159947466
-458.26338084691065
-459.73297247558406
-465.30729805195784
-465.7410565131359
-461.26932638137777
-463.62124083471974
-461.6873377329338
-468.88064843800595
-456.95109442194655
-467.43837596595097
-468.7736754050449
-467.9067330529102
-461.3219505539804
-460.3090346783731
-456.43770121783444
-463.47537266182064
-467.18670827091887
-461.9095453209691
-469.372932868031
-468.1694081827837
-463.8040723691734
-456.94675552101063
-466.218293320947
-468.34073411261943
-464.71168420194175
-460.0543859104907
-467.7552315770766
-467.27145615567804
-460.7503679274397
-466.6181984671558
-463.4668113994214
-465.80948064820825
-466.6679851485714
-466.4463650486173
-470.94821381837585
-469.6620190757183
-477.0646535560369
-468.2388126873211
-466.8394074990037
-463.66928447783204
-468.5804472260157
-466.75487320641435
-465.4881420825588
-465.2152225294453
-466.32940692717773
-470.3598174342718
-480.0020146561492
-477.07998132026137
-473.96644306261055
-463.62958640749224
-470.8052252291536
-471.99337880785464
-480.2615477280907
-476.6917539261041
-473.31909483066397
-465.336312533609
-467.59124995414874
-467.5149856876555
-464.11008752719107
-461.8243473419354
-470.72697025107556
-469.85291635610963
-473.3581279870653
-467.0402068759182
-462.9823231841739
-465.2975290715416
-460.8420957867056
-463.9547387935843
-464.63371900417087
-461.19302492840984
-464.56185271388284
-470.93081272643036
-475.6922134274068
-464.96780345400504
-463.01787970304105
-471.7785976971767
-468.2655069963193
-473.5140516467098
-470.84663347686507
-465.39931425137445
-467.77025639547264
-473.61521844311085
-469.23703290243577
-477.4657932396506
-471.2753779877217
-469.91501221873034
-477.5069591602281
-468.57876092102794
-468.17569895323635
-466.75535645102457
-476.97272011408467
-480.4858368128132
-470.3247327892056
-472.62968334507093
-483.72235089347083
-482.69926416020996
-484.1619366591446
-482.9244230054837
-480.7036544104763
-488.92567966641883
-484.28045146152505
-485.4458102111449
-484.3736997806653
-485.14320630227184
-476.9335445863021
-475.8865519017112
-472.2067054144212
-473.0406561853348
-476.3884872131543
-472.71878049806685
-471.09686791802545
-478.52074519438844
-469.9069973376216
-472.98302692444196
-464.4612617355002
-465.8864685132813
-465.24088874677284
-464.7332401044793
-481.62621338161404
-485.16574804601237
-484.7110235862413
-488.9017530944706
-486.9146077188538
-477.3190342457896
-477.9708778260409
-477.42679698297974
-469.46982858992874
-466.69626200039943
-466.8811707929723
-463.5956890861245
-463.75562618068454
-472.05243473656185
-462.7014351188806
-471.2929657568305
-465.1497976581335
-468.4805769839562
-468.3062369718968
-470.4433040634045
-474.4299022531494
-478.8873313737484
-475.65584659483216
-468.9462709268693
-473.82350287842144
-475.78312033097563
-477.5972930650315
-471.69660322946316
-466.87988423380136
-469.43163116117734
-477.75929562824155
-479.67051782062697
-483.92895209162447
-481.4157806219705
-476.47613681233224
-470.75302976312497
-473.6592725738355
-472.3199942046515
-473.36713398240795
-476.7761430755822
-475.0260337260178
-481.3446941290711
-485.1742007186399
-485.9989651642999
-482.144010166521
-481.87922801633164
-477.6671004487503
-477.64805204135405
-472.24907671324615
-479.7501905183814
-486.0701590929944
-483.0053858700579
-467.73688090310134
-475.66640537867005
-475.66640537867005
-476.18241256955645
-473.88293282966623
-475.4921816016507
-474.4406364032372
-482.6915524817507
-482.37889808318766
-482.11704353401404
-482.2336097633952
-485.90607641706913
-484.5712257374968
-474.3439330740471
-465.82543211176204
-462.1450316670374
-467.9737644816907
-470.1546178286297
-472.9279227901779
-477.75261377028244
-477.52961241072165
-469.858216066035
-472.335407901873
-472.5526866359482
-480.8027270689991
-475.1232783194338
-469.25603414572237
-476.42573837920344
-473.93735697772286
-477.8160228212829
-478.87476963494726
-470.72513509293753
-471.7288872659649
-474.7443629571682
-471.25796558931216
-470.0649902936031
-472.9935784376447
-479.94954644421034
-468.62281683865774
-466.91393887355616
-470.40259545436754
-477.3867334911103
-474.2911641296031
-473.1055303352968
-471.9024934248827
-470.02759659203923
-472.1171766647078
-471.9147697898186
-471.3335381069122
-470.51125145520666
-466.85835070508625
-466.8122604169649
-466.9430860772386
-466.98285607544506
-475.1257146804873
-470.8797789558147
-473.1888489042813
-471.5782787663971
-468.3946142657258
-470.8491340749629
-471.64203086164184
-465.3026904332624
-463.06080886650835
-459.92894372420074
-463.64111168404446
-472.40396332381243
-469.9790054421148
-468.1683627266906
-463.09334024275137
-460.662960319449
-464.5341485009184
-463.89343127837367
-481.9571884539356
-485.14311721096226
-481.1071068392902
-479.5038201685996
-469.5353726160694
-475.18579504594845
-482.2900885615852
-475.41623193166373
-466.69548409443075
-470.3884327598855
-480.30248321282863
-477.3832523522137
-473.8013760927239
-475.3505957207527
-472.66772108017653
-479.1134851222172
-475.2829435680591
-472.01400815415263
-477.28092024954674
-470.1977817294229
-470.77166429666363
-476.24279394839135
-479.2687119930387
-476.5017345621703
-476.61593886007716
-480.7523977699506
-469.68789580313813
-473.9978440899353
-479.9791074882223
-473.28277771278107
-472.7734797672651
-472.1560389462826
-460.94052348094164
-463.87968157615984
-463.0433182967619
-460.49912927236585
-464.83756671915376
-468.0603426430192
-470.1129948168223
-466.55606380351213
-473.95910968386397
-470.27632848603974
-465.5239609349137
-460.7508606667257
-458.70118671319426
-464.86136881848205
-462.170279146785
-459.03972773857674
-460.4537794899066
-463.24129802321295
-464.0661798692209
-464.1478996069308
-458.64479880445646
-468.5384366150656
-460.18136985980834
-466.2359323237045
-469.40394573005125
-474.01036092664197
-482.05199397719485
-482.44725550022906
-472.9091327444654
-462.42177060058106
-470.2541846921897
-470.1065976637447
-475.89206350262367
-479.33358148816444
-485.2264121932802
-473.90171967945975
-468.58162280197433
-473.18537393646903
-463.09021084582247
