                 Mean         SD         Naive SE        MCSE          ESS    
 theta[9][1] 0.790984169 0.0273778959 0.000865765085 0.0081980029   11.1528022
 theta[9][2] 0.209015831 0.0273778959 0.000865765085 0.0081980029   11.1528022
      z[100] 1.000000000 0.0000000000 0.000000000000 0.0000000000 1000.0000000
      z[245] 1.091000000 0.2877530222 0.009099549538 0.0395376052   52.9686699
        z[9] 1.153000000 0.3601676286 0.011389500460 0.1078481443   11.1528022
      z[160] 1.455000000 0.4982200550 0.015755101498 0.1280646538   15.1350497
      z[203] 1.821000000 0.3835441384 0.012128730606 0.0805460531   22.6747325
      z[230] 1.833000000 0.3731624985 0.011800434325 0.0270411209  190.4349266
       z[98] 1.615000000 0.4868387947 0.015395194445 0.1241884768   15.3676604
      z[208] 1.765000000 0.4242109793 0.013414729030 0.0575084535   54.4127195
       z[37] 1.050000000 0.2180540014 0.006895472975 0.0500000000   19.0190190
      z[109] 1.000000000 0.0000000000 0.000000000000 0.0000000000 1000.0000000
 theta[7][1] 0.685973635 0.0368418026 0.001165040095 0.0110318633   11.1528022
 theta[7][2] 0.314026365 0.0368418026 0.001165040095 0.0110318633   11.1528022
      z[154] 2.000000000 0.0000000000 0.000000000000 0.0000000000 1000.0000000
       z[42] 1.000000000 0.0000000000 0.000000000000 0.0000000000 1000.0000000
      z[149] 1.982000000 0.1330176443 0.004206387250 0.0180000000   54.6101657
       z[88] 1.153000000 0.3601676286 0.011389500460 0.1078481443   11.1528022
      z[189] 1.325000000 0.4686092131 0.014818724459 0.1088653603   18.5285834
      z[237] 1.094000000 0.2919747408 0.009233052001 0.0393615718   55.0231815
      z[131] 1.104000000 0.3054132893 0.009658016219 0.0613948966   24.7463594
      z[165] 1.680000000 0.4667095647 0.014758652304 0.1190891356   15.3585111
       z[76] 1.950000000 0.2180540014 0.006895472975 0.0500000000   19.0190190
      z[181] 1.176000000 0.3810107205 0.012048616899 0.1050946663   13.1435608
theta[13][1] 0.846974524 0.3106068797 0.009822251969 0.0930077356   11.1528022
theta[13][2] 0.153025476 0.3106068797 0.009822251969 0.0930077356   11.1528022
      z[220] 1.161000000 0.3677148545 0.011628164697 0.1068794752   11.8367840
      z[134] 1.879000000 0.3262904618 0.010318210381 0.0651570752   25.0775783
       z[66] 1.950000000 0.2180540014 0.006895472975 0.0500000000   19.0190190
 theta[2][1] 0.482673099 0.1908929660 0.006036565619 0.0571607510   11.1528022
 theta[2][2] 0.517326901 0.1908929660 0.006036565619 0.0571607510   11.1528022
      z[111] 1.000000000 0.0000000000 0.000000000000 0.0000000000 1000.0000000
      z[168] 1.847000000 0.3601676286 0.011389500460 0.1078481443   11.1528022
      z[178] 1.175000000 0.3801572300 0.012021627158 0.1066171760   12.7137058
      z[129] 1.065000000 0.2466492162 0.007799733062 0.0530251513   21.6369304
       z[19] 2.000000000 0.0000000000 0.000000000000 0.0000000000 1000.0000000
        z[2] 1.153000000 0.3601676286 0.011389500460 0.1078481443   11.1528022
       z[60] 1.000000000 0.0000000000 0.000000000000 0.0000000000 1000.0000000
       z[22] 1.847000000 0.3601676286 0.011389500460 0.1078481443   11.1528022
       z[45] 1.153000000 0.3601676286 0.011389500460 0.1078481443   11.1528022
      z[182] 1.225000000 0.4177912751 0.013211720159 0.1198633481   12.1491508
      z[228] 1.894000000 0.3079916539 0.009739551266 0.0670522185   21.0985006
      z[184] 1.153000000 0.3601676286 0.011389500460 0.1078481443   11.1528022
      z[250] 1.122000000 0.3274495736 0.010354864713 0.0506798229   41.7463665
      z[108] 1.153000000 0.3601676286 0.011389500460 0.1078481443   11.1528022
      z[191] 1.336000000 0.4725752081 0.014944140234 0.1049147802   20.2893679
      z[252] 1.757000000 0.4291097006 0.013569640199 0.0463812702   85.5955899
theta[14][1] 0.223867535 0.0014740247 0.000046612754 0.0004413801   11.1528022
theta[14][2] 0.776132465 0.0014740247 0.000046612754 0.0004413801   11.1528022
       z[54] 1.000000000 0.0000000000 0.000000000000 0.0000000000 1000.0000000
      z[153] 2.000000000 0.0000000000 0.000000000000 0.0000000000 1000.0000000
       z[96] 1.153000000 0.3601676286 0.011389500460 0.1078481443   11.1528022
theta[15][1] 0.027407894 0.0645191889 0.002040275896 0.0193195452   11.1528022
theta[15][2] 0.972592106 0.0645191889 0.002040275896 0.0193195452   11.1528022
theta[24][1] 0.658555526 0.0114680516 0.000362651635 0.0034339790   11.1528022
theta[24][2] 0.341444474 0.0114680516 0.000362651635 0.0034339790   11.1528022
       z[71] 1.000000000 0.0000000000 0.000000000000 0.0000000000 1000.0000000
      z[166] 1.847000000 0.3601676286 0.011389500460 0.1078481443   11.1528022
      z[162] 1.431000000 0.4954639084 0.015667944488 0.1327775918   13.9243353
       z[84] 1.610000000 0.4879939940 0.015431725054 0.1594783162    9.3632295
       z[65] 1.153000000 0.3601676286 0.011389500460 0.1078481443   11.1528022
      z[173] 1.847000000 0.3601676286 0.011389500460 0.1078481443   11.1528022
       z[41] 1.050000000 0.2180540014 0.006895472975 0.0500000000   19.0190190
      z[146] 1.912000000 0.2834366531 0.008963053963 0.0880000000   10.3740104
       z[86] 1.493000000 0.5002011607 0.015817749562 0.1456941240   11.7870552
theta[10][1] 0.866967093 0.3037180819 0.009604409054 0.0909449626   11.1528022
theta[10][2] 0.133032907 0.3037180819 0.009604409054 0.0909449626   11.1528022
        z[3] 2.000000000 0.0000000000 0.000000000000 0.0000000000 1000.0000000
       z[28] 2.000000000 0.0000000000 0.000000000000 0.0000000000 1000.0000000
      z[132] 1.000000000 0.0000000000 0.000000000000 0.0000000000 1000.0000000
theta[25][1] 0.232645907 0.1005870099 0.003180840544 0.0301196484   11.1528022
theta[25][2] 0.767354093 0.1005870099 0.003180840544 0.0301196484   11.1528022
      z[224] 1.903000000 0.2961058572 0.009363689373 0.0230000000  165.7441941
      z[212] 1.987000000 0.1133306836 0.003583830889 0.0119303534   90.2377788
        z[5] 1.153000000 0.3601676286 0.011389500460 0.1078481443   11.1528022
       z[77] 1.660000000 0.4739458035 0.014987482264 0.1454494949   10.6177606
      z[126] 1.153000000 0.3601676286 0.011389500460 0.1078481443   11.1528022
      z[128] 1.153000000 0.3601676286 0.011389500460 0.1078481443   11.1528022
       z[91] 1.153000000 0.3601676286 0.011389500460 0.1078481443   11.1528022
      z[243] 1.256000000 0.4366401890 0.013807775152 0.0241384893  327.2105057
        z[4] 2.000000000 0.0000000000 0.000000000000 0.0000000000 1000.0000000
       z[11] 2.000000000 0.0000000000 0.000000000000 0.0000000000 1000.0000000
       z[83] 1.950000000 0.2180540014 0.006895472975 0.0500000000   19.0190190
       z[14] 1.153000000 0.3601676286 0.011389500460 0.1078481443   11.1528022
      z[241] 1.917000000 0.2760202659 0.008728527206 0.0195533458  199.2690162
      z[112] 1.000000000 0.0000000000 0.000000000000 0.0000000000 1000.0000000
       z[39] 2.000000000 0.0000000000 0.000000000000 0.0000000000 1000.0000000
       z[58] 1.797000000 0.4024337870 0.012726073745 0.1114953910   13.0279187
        z[1] 1.153000000 0.3601676286 0.011389500460 0.1078481443   11.1528022
      z[253] 1.796000000 0.4031706172 0.012749374359 0.0880429188   20.9695390
      z[223] 1.998000000 0.0446989709 0.001413505571 0.0020000000  499.4994995
      z[249] 1.123000000 0.3286015505 0.010391293422 0.0511435887   41.2816283
       z[55] 1.000000000 0.0000000000 0.000000000000 0.0000000000 1000.0000000
      z[205] 1.836000000 0.3704608498 0.011715000693 0.0767854153   23.2770084
theta[22][1] 0.835376780 0.3549176324 0.011223481001 0.1062760920   11.1528022
theta[22][2] 0.164623220 0.3549176324 0.011223481001 0.1062760920   11.1528022
       z[43] 2.000000000 0.0000000000 0.000000000000 0.0000000000 1000.0000000
       z[57] 1.000000000 0.0000000000 0.000000000000 0.0000000000 1000.0000000
      z[234] 1.547000000 0.4980351785 0.015749255190 0.0692507521   51.7214928
      z[211] 1.998000000 0.0446989709 0.001413505571 0.0020000000  499.4994995
      z[172] 1.847000000 0.3601676286 0.011389500460 0.1078481443   11.1528022
      z[151] 2.000000000 0.0000000000 0.000000000000 0.0000000000 1000.0000000
       z[46] 1.847000000 0.3601676286 0.011389500460 0.1078481443   11.1528022
      z[233] 1.323000000 0.4678566980 0.014794927843 0.0548340932   72.7988252
       z[78] 1.660000000 0.4739458035 0.014987482264 0.1454494949   10.6177606
      z[214] 1.173000000 0.3784365392 0.011967214138 0.1052093152   12.9383155
        z[7] 1.153000000 0.3601676286 0.011389500460 0.1078481443   11.1528022
      z[259] 1.797000000 0.4024337870 0.012726073745 0.0918579822   19.1935394
      z[186] 1.891000000 0.3117951510 0.009859828407 0.0506282749   37.9273460
      z[199] 2.000000000 0.0000000000 0.000000000000 0.0000000000 1000.0000000
       z[17] 2.000000000 0.0000000000 0.000000000000 0.0000000000 1000.0000000
       z[52] 1.050000000 0.2180540014 0.006895472975 0.0500000000   19.0190190
      z[247] 1.100000000 0.3001501126 0.009491579958 0.0395249570   57.6679097
      z[242] 1.497000000 0.5002411831 0.015819015179 0.0665006266   56.5857936
      z[159] 1.634000000 0.4819504915 0.015240612726 0.1385335900   12.1030458
      z[174] 1.847000000 0.3601676286 0.011389500460 0.1078481443   11.1528022
      z[235] 1.894000000 0.3079916539 0.009739551266 0.0367332728   70.3005377
      z[239] 1.514000000 0.5000540511 0.015813097548 0.0692852397   52.0897715
      z[152] 1.864000000 0.3429600875 0.010845350230 0.0933833199   13.4880306
       z[34] 1.847000000 0.3601676286 0.011389500460 0.1078481443   11.1528022
      z[246] 1.883000000 0.3215811164 0.010169287803 0.0186815417  296.3163737
       z[95] 1.110000000 0.3130463193 0.009899393820 0.0742967025   17.7532605
      z[218] 1.153000000 0.3601676286 0.011389500460 0.1078481443   11.1528022
      z[140] 1.426000000 0.4947411129 0.015645087688 0.1506961623   10.7783335
      z[231] 1.090000000 0.2863249587 0.009054390205 0.0342215007   70.0035899
      z[197] 1.184000000 0.3876780808 0.012259457341 0.0718671614   29.0992309
       z[13] 1.153000000 0.3601676286 0.011389500460 0.1078481443   11.1528022
      z[127] 1.153000000 0.3601676286 0.011389500460 0.1078481443   11.1528022
      z[158] 1.568000000 0.4956022817 0.015672320237 0.1259082558   15.4938083
      z[255] 1.731000000 0.4436618485 0.014029819523 0.0580124508   58.4873229
       z[51] 2.000000000 0.0000000000 0.000000000000 0.0000000000 1000.0000000
      z[130] 1.336000000 0.4725752081 0.014944140234 0.1273856786   13.7626054
      z[117] 1.297000000 0.4571651780 0.014456832295 0.1285392288   12.6495451
      z[261] 1.735000000 0.4415540397 0.013963164755 0.0468626836   88.7796473
      z[196] 1.297000000 0.4571651780 0.014456832295 0.1014456614   20.3085693
       z[92] 1.890000000 0.3130463193 0.009899393820 0.0742967025   17.7532605
       z[63] 1.050000000 0.2180540014 0.006895472975 0.0500000000   19.0190190
       z[18] 2.000000000 0.0000000000 0.000000000000 0.0000000000 1000.0000000
      z[202] 1.449000000 0.4976410822 0.015736792769 0.1047160181   22.5842781
      z[115] 1.343000000 0.4749490252 0.015019206922 0.1289707116   13.5616274
      z[187] 1.736000000 0.4410198391 0.013946271849 0.0899901229   24.0174316
      z[118] 1.457000000 0.4983968292 0.015760691590 0.1542872501   10.4349522
       z[59] 1.797000000 0.4024337870 0.012726073745 0.1114953910   13.0279187
theta[18][1] 0.780008131 0.3299649198 0.010434406946 0.0988042829   11.1528022
theta[18][2] 0.219991869 0.3299649198 0.010434406946 0.0988042829   11.1528022
      z[136] 2.000000000 0.0000000000 0.000000000000 0.0000000000 1000.0000000
      z[124] 1.153000000 0.3601676286 0.011389500460 0.1078481443   11.1528022
       z[69] 2.000000000 0.0000000000 0.000000000000 0.0000000000 1000.0000000
      z[169] 1.847000000 0.3601676286 0.011389500460 0.1078481443   11.1528022
       z[31] 1.847000000 0.3601676286 0.011389500460 0.1078481443   11.1528022
       z[32] 1.000000000 0.0000000000 0.000000000000 0.0000000000 1000.0000000
      z[144] 1.867000000 0.3397446489 0.010743669132 0.0989730603   11.7834171
       z[12] 2.000000000 0.0000000000 0.000000000000 0.0000000000 1000.0000000
      z[175] 1.153000000 0.3601676286 0.011389500460 0.1078481443   11.1528022
      z[102] 1.153000000 0.3601676286 0.011389500460 0.1078481443   11.1528022
      z[176] 1.374000000 0.4841057306 0.015308767369 0.1365625620   12.5665810
        z[6] 1.153000000 0.3601676286 0.011389500460 0.1078481443   11.1528022
      z[194] 2.000000000 0.0000000000 0.000000000000 0.0000000000 1000.0000000
      z[106] 1.153000000 0.3601676286 0.011389500460 0.1078481443   11.1528022
       z[16] 1.153000000 0.3601676286 0.011389500460 0.1078481443   11.1528022
        z[8] 1.153000000 0.3601676286 0.011389500460 0.1078481443   11.1528022
      z[236] 1.413000000 0.4926191974 0.015577986830 0.0569414904   74.8453810
      z[188] 2.000000000 0.0000000000 0.000000000000 0.0000000000 1000.0000000
      z[185] 1.454000000 0.4981286301 0.015752210389 0.1013048205   24.1781342
      z[193] 1.884000000 0.3203851536 0.010131468139 0.0544507933   34.6207398
      z[148] 1.999000000 0.0316227766 0.001000000000 0.0010000000 1000.0000000
      z[167] 1.847000000 0.3601676286 0.011389500460 0.1078481443   11.1528022
      z[206] 1.367000000 0.4822276885 0.015249378464 0.0844202451   32.6295488
       z[56] 1.797000000 0.4024337870 0.012726073745 0.1114953910   13.0279187
       z[82] 1.153000000 0.3601676286 0.011389500460 0.1078481443   11.1528022
theta[17][1] 0.124151521 0.2914950450 0.009217882689 0.0872849117   11.1528022
theta[17][2] 0.875848479 0.2914950450 0.009217882689 0.0872849117   11.1528022
      z[123] 1.153000000 0.3601676286 0.011389500460 0.1078481443   11.1528022
       z[73] 1.457000000 0.4983968292 0.015760691590 0.1542872501   10.4349522
       z[35] 2.000000000 0.0000000000 0.000000000000 0.0000000000 1000.0000000
      z[122] 1.603000000 0.4895208174 0.015480007449 0.1422365010   11.8445949
 theta[5][1] 0.950877202 0.0266003207 0.000841175999 0.0079651668   11.1528022
 theta[5][2] 0.049122798 0.0266003207 0.000841175999 0.0079651668   11.1528022
     elapsed 1.180827436 0.0865121070 0.002735753032 0.0194209201   19.8433126
       z[97] 1.660000000 0.4739458035 0.014987482264 0.1454494949   10.6177606
      z[164] 1.696000000 0.4602127723 0.014553205688 0.1132960723   16.5001399
       z[36] 1.000000000 0.0000000000 0.000000000000 0.0000000000 1000.0000000
      z[121] 1.153000000 0.3601676286 0.011389500460 0.1078481443   11.1528022
      z[163] 1.072000000 0.2586172517 0.008178195576 0.0720000000   12.9017907
       z[70] 1.340000000 0.4739458035 0.014987482264 0.1454494949   10.6177606
       z[89] 1.203000000 0.4024337870 0.012726073745 0.1114953910   13.0279187
       z[74] 1.000000000 0.0000000000 0.000000000000 0.0000000000 1000.0000000
 theta[1][1] 0.824657967 0.2856096826 0.009031771188 0.0855226062   11.1528022
 theta[1][2] 0.175342033 0.2856096826 0.009031771188 0.0855226062   11.1528022
      z[190] 1.655000000 0.4756061408 0.015039986742 0.1002469174   22.5088265
       z[94] 1.867000000 0.3397446489 0.010743669132 0.0989730603   11.7834171
       z[81] 1.543000000 0.4983968292 0.015760691590 0.1542872501   10.4349522
       z[93] 1.133000000 0.3397446489 0.010743669132 0.0989730603   11.7834171
      z[209] 1.386000000 0.4870741640 0.015402637477 0.0887343100   30.1305482
theta[16][1] 0.284460526 0.1065415497 0.003369139625 0.0319026684   11.1528022
theta[16][2] 0.715539474 0.1065415497 0.003369139625 0.0319026684   11.1528022
      z[257] 1.787000000 0.4096325168 0.012953717567 0.0901486427   20.6476421
      z[204] 1.514000000 0.5000540511 0.015813097548 0.0696052361   51.6119275
      z[139] 1.866000000 0.3408227694 0.010777762298 0.0632314971   29.0529525
       z[68] 2.000000000 0.0000000000 0.000000000000 0.0000000000 1000.0000000
       z[40] 1.797000000 0.4024337870 0.012726073745 0.1114953910   13.0279187
       z[53] 1.153000000 0.3601676286 0.011389500460 0.1078481443   11.1528022
      z[157] 1.655000000 0.4756061408 0.015039986742 0.1156263138   16.9192671
       z[23] 2.000000000 0.0000000000 0.000000000000 0.0000000000 1000.0000000
 theta[4][1] 0.605458644 0.1291500556 0.004084083357 0.0386725311   11.1528022
 theta[4][2] 0.394541356 0.1291500556 0.004084083357 0.0386725311   11.1528022
       z[62] 1.050000000 0.2180540014 0.006895472975 0.0500000000   19.0190190
      z[256] 1.725000000 0.4467377022 0.014127086556 0.0585804290   58.1567483
      z[227] 1.867000000 0.3397446489 0.010743669132 0.0752927619   20.3609854
      z[192] 1.726000000 0.4462321404 0.014111099288 0.1053902800   17.9275350
 theta[3][1] 0.324604121 0.2523887136 0.007981231907 0.0755749607   11.1528022
 theta[3][2] 0.675395879 0.2523887136 0.007981231907 0.0755749607   11.1528022
       z[44] 1.153000000 0.3601676286 0.011389500460 0.1078481443   11.1528022
       z[33] 1.797000000 0.4024337870 0.012726073745 0.1114953910   13.0279187
      z[135] 1.791000000 0.4067978423 0.012864077288 0.0980980235   17.1963694
      z[222] 2.000000000 0.0000000000 0.000000000000 0.0000000000 1000.0000000
      z[260] 1.358000000 0.4796520260 0.015167928865 0.0446666667  115.3149139
       z[15] 2.000000000 0.0000000000 0.000000000000 0.0000000000 1000.0000000
      z[143] 1.929000000 0.2569533518 0.008125578442 0.0503421626   26.0522261
       z[29] 2.000000000 0.0000000000 0.000000000000 0.0000000000 1000.0000000
      z[201] 1.209000000 0.4067978423 0.012864077288 0.0611273716   44.2879765
      z[170] 1.982000000 0.1330176443 0.004206387250 0.0180000000   54.6101657
      z[150] 1.983000000 0.1293357171 0.004089954490 0.0170000000   57.8814108
       z[79] 1.610000000 0.4879939940 0.015431725054 0.1594783162    9.3632295
      z[103] 1.153000000 0.3601676286 0.011389500460 0.1078481443   11.1528022
      z[232] 1.092000000 0.2891705718 0.009144376393 0.0489171635   34.9450491
      z[147] 1.934000000 0.2484063319 0.007855297939 0.0531496838   21.8435868
      z[120] 1.362000000 0.4808192875 0.015204840913 0.1243811347   14.9435827
       z[67] 1.950000000 0.2180540014 0.006895472975 0.0500000000   19.0190190
       z[85] 1.660000000 0.4739458035 0.014987482264 0.1454494949   10.6177606
       z[21] 2.000000000 0.0000000000 0.000000000000 0.0000000000 1000.0000000
      z[225] 1.927000000 0.2602666685 0.008230354715 0.0439962120   34.9950433
       z[99] 1.000000000 0.0000000000 0.000000000000 0.0000000000 1000.0000000
      z[248] 1.915000000 0.2790212409 0.008823426367 0.0172723285  260.9592833
      z[238] 1.922000000 0.2683057733 0.008484573530 0.0242120264  122.7998279
      z[180] 1.211000000 0.4082225443 0.012909130321 0.1073773202   14.4533609
      z[161] 1.709000000 0.4544507955 0.014370995982 0.1288879789   12.4322264
      z[133] 1.153000000 0.3601676286 0.011389500460 0.1078481443   11.1528022
      z[213] 1.238000000 0.4260722210 0.013473586662 0.0976592716   19.0344126
theta[21][1] 0.166896247 0.0448016605 0.001416752902 0.0134153532   11.1528022
theta[21][2] 0.833103753 0.0448016605 0.001416752902 0.0134153532   11.1528022
      z[210] 1.785000000 0.4110279114 0.012997843819 0.0839212594   23.9882542
       z[80] 1.660000000 0.4739458035 0.014987482264 0.1454494949   10.6177606
      z[262] 1.748000000 0.4343785039 0.013736254391 0.0567607063   58.5653939
      z[142] 1.172000000 0.3775692765 0.011939788882 0.1065186473   12.5644074
      z[226] 2.000000000 0.0000000000 0.000000000000 0.0000000000 1000.0000000
      z[200] 1.183000000 0.3868600014 0.012233587399 0.0819627287   22.2779303
       z[75] 1.340000000 0.4739458035 0.014987482264 0.1454494949   10.6177606
       z[50] 1.050000000 0.2180540014 0.006895472975 0.0500000000   19.0190190
          lp 0.000000000 0.0000000000 0.000000000000 0.0000000000 1000.0000000
      z[119] 2.000000000 0.0000000000 0.000000000000 0.0000000000 1000.0000000
      z[195] 1.879000000 0.3262904618 0.010318210381 0.0824681757   15.6543840
      z[198] 1.607000000 0.4886612219 0.015452824654 0.0819491712   35.5571236
       z[26] 1.847000000 0.3601676286 0.011389500460 0.1078481443   11.1528022
       z[47] 1.000000000 0.0000000000 0.000000000000 0.0000000000 1000.0000000
   phi[1][1] 0.098089635 0.0157908229 0.000499349665 0.0047283843   11.1528022
   phi[1][2] 0.047120341 0.0174510244 0.000551849845 0.0052255129   11.1528022
   phi[1][3] 0.448359612 0.0200699070 0.000634666185 0.0060097078   11.1528022
   phi[1][4] 0.382412742 0.0319282781 0.001009660805 0.0095605637   11.1528022
   phi[1][5] 0.024017669 0.0101981697 0.000322494441 0.0030537272   11.1528022
      z[171] 1.917000000 0.2760202659 0.008728527206 0.0579281164   22.7040391
theta[23][1] 0.081017985 0.1558747669 0.004929192931 0.0466749452   11.1528022
theta[23][2] 0.918982015 0.1558747669 0.004929192931 0.0466749452   11.1528022
theta[19][1] 0.254632338 0.0207006212 0.000654611120 0.0061985681   11.1528022
theta[19][2] 0.745367662 0.0207006212 0.000654611120 0.0061985681   11.1528022
      z[114] 1.000000000 0.0000000000 0.000000000000 0.0000000000 1000.0000000
       z[72] 2.000000000 0.0000000000 0.000000000000 0.0000000000 1000.0000000
      z[221] 2.000000000 0.0000000000 0.000000000000 0.0000000000 1000.0000000
theta[12][1] 0.846549777 0.2810730006 0.008888308706 0.0841641478   11.1528022
theta[12][2] 0.153450223 0.2810730006 0.008888308706 0.0841641478   11.1528022
      z[156] 1.302000000 0.4593549902 0.014526080235 0.1250493236   13.4937973
      z[110] 1.153000000 0.3601676286 0.011389500460 0.1078481443   11.1528022
       z[90] 1.153000000 0.3601676286 0.011389500460 0.1078481443   11.1528022
      z[116] 1.389000000 0.4877672774 0.015424555647 0.1394787917   12.2295076
      z[240] 1.884000000 0.3203851536 0.010131468139 0.0211974841  228.4420919
       z[61] 1.000000000 0.0000000000 0.000000000000 0.0000000000 1000.0000000
 theta[6][1] 0.704699560 0.0801694239 0.002535179781 0.0240058320   11.1528022
 theta[6][2] 0.295300440 0.0801694239 0.002535179781 0.0240058320   11.1528022
   phi[2][1] 0.089759180 0.0185531103 0.000586700861 0.0055555201   11.1528022
   phi[2][2] 0.129163000 0.0547216566 0.001730450723 0.0163857844   11.1528022
   phi[2][3] 0.133196406 0.2136467393 0.006756103108 0.0639741124   11.1528022
   phi[2][4] 0.280905435 0.0086584753 0.000273805031 0.0025926830   11.1528022
   phi[2][5] 0.366975980 0.1317134970 0.004165146492 0.0394401248   11.1528022
       z[20] 1.153000000 0.3601676286 0.011389500460 0.1078481443   11.1528022
      z[244] 1.116000000 0.3203851536 0.010131468139 0.0484928403   43.6505301
theta[20][1] 0.310607518 0.1203551635 0.003805964448 0.0360389996   11.1528022
theta[20][2] 0.689392482 0.1203551635 0.003805964448 0.0360389996   11.1528022
      z[251] 1.890000000 0.3130463193 0.009899393820 0.0178263226  308.3853084
      z[107] 1.153000000 0.3601676286 0.011389500460 0.1078481443   11.1528022
      z[229] 1.778000000 0.4157990968 0.013148721949 0.0647696774   41.2119928
       z[48] 1.153000000 0.3601676286 0.011389500460 0.1078481443   11.1528022
      z[145] 1.935000000 0.2466492162 0.007799733062 0.0530251513   21.6369304
      z[254] 1.808000000 0.3940701604 0.012461592647 0.0854504405   21.2676003
      z[113] 1.000000000 0.0000000000 0.000000000000 0.0000000000 1000.0000000
       z[24] 1.847000000 0.3601676286 0.011389500460 0.1078481443   11.1528022
       z[25] 1.000000000 0.0000000000 0.000000000000 0.0000000000 1000.0000000
      z[104] 1.000000000 0.0000000000 0.000000000000 0.0000000000 1000.0000000
      z[179] 1.210000000 0.4075120441 0.012886662332 0.1059769367   14.7862544
       z[30] 1.000000000 0.0000000000 0.000000000000 0.0000000000 1000.0000000
      z[177] 1.931000000 0.2535809601 0.008018934050 0.0322300757   61.9028484
      z[105] 1.153000000 0.3601676286 0.011389500460 0.1078481443   11.1528022
       z[64] 1.000000000 0.0000000000 0.000000000000 0.0000000000 1000.0000000
      z[125] 1.153000000 0.3601676286 0.011389500460 0.1078481443   11.1528022
      z[207] 1.550000000 0.4977426521 0.015740004693 0.0850359401   34.2613665
      z[215] 1.210000000 0.4075120441 0.012886662332 0.1023610169   15.8493594
       z[49] 1.000000000 0.0000000000 0.000000000000 0.0000000000 1000.0000000
      z[141] 1.816000000 0.3876780808 0.012259457341 0.1059370882   13.3920305
      z[137] 1.828000000 0.3775692765 0.011939788882 0.1156315989   10.6620382
       z[87] 1.153000000 0.3601676286 0.011389500460 0.1078481443   11.1528022
      z[155] 2.000000000 0.0000000000 0.000000000000 0.0000000000 1000.0000000
      z[216] 1.153000000 0.3601676286 0.011389500460 0.1078481443   11.1528022
      z[217] 1.153000000 0.3601676286 0.011389500460 0.1078481443   11.1528022
       z[27] 1.847000000 0.3601676286 0.011389500460 0.1078481443   11.1528022
      z[219] 1.168000000 0.3740533597 0.011828605831 0.1059224035   12.4707182
      z[101] 1.000000000 0.0000000000 0.000000000000 0.0000000000 1000.0000000
 theta[8][1] 0.465626747 0.1940597749 0.006136708908 0.0581090163   11.1528022
 theta[8][2] 0.534373253 0.1940597749 0.006136708908 0.0581090163   11.1528022
theta[11][1] 0.703121888 0.1078493621 0.003410496284 0.0322942781   11.1528022
theta[11][2] 0.296878112 0.1078493621 0.003410496284 0.0322942781   11.1528022
      z[258] 1.754000000 0.4308940353 0.013626065818 0.0660673057   42.5370896
       z[38] 1.000000000 0.0000000000 0.000000000000 0.0000000000 1000.0000000
       z[10] 1.153000000 0.3601676286 0.011389500460 0.1078481443   11.1528022
      z[183] 1.265000000 0.4415540397 0.013963164755 0.1118356930   15.5885909
      z[138] 1.846000000 0.3611293597 0.011419913065 0.1076950427   11.2443452

