                  Mean           SD         Naive SE        MCSE          ESS    
 theta[9][1]    0.157798742  0.137707464 0.00435469236  0.0158177624   75.7922610
 theta[9][2]    0.842201258  0.137707464 0.00435469236  0.0158177624   75.7922610
      z[100]    1.000000000  0.000000000 0.00000000000  0.0000000000 1000.0000000
      z[245]    1.565000000  0.496005061 0.01568505725  0.0476153570  108.5120896
        z[9]    1.253000000  0.434948480 0.01375427861  0.1324306947   10.7869414
      z[160]    1.765000000  0.424210979 0.01341472903  0.1263175012   11.2781212
      z[203]    1.062000000  0.241276220 0.00762982400  0.0620000000   15.1441764
      z[230]    1.650000000  0.477208265 0.01509065034  0.0382390144  155.7408472
       z[98]    1.984000000  0.125537882 0.00396985639  0.0107703296  135.8599979
      z[208]    1.131000000  0.337569182 0.01067487484  0.0904488806   13.9289760
       z[37]    1.720000000  0.449223554 0.01420569610  0.1436043949    9.7856477
      z[109]    1.000000000  0.000000000 0.00000000000  0.0000000000 1000.0000000
 theta[7][1]    0.108908051  0.134450340 0.00425169306  0.0090875369  218.8927788
 theta[7][2]    0.891091949  0.134450340 0.00425169306  0.0090875369  218.8927788
      z[154]    1.133000000  0.339744649 0.01074366913  0.0912633552   13.8583775
       z[42]    1.821000000  0.383544138 0.01212873061  0.1194473385   10.3104530
      z[149]    1.004000000  0.063150519 0.00199699474  0.0040000000  249.2492492
       z[88]    1.052000000  0.222138122 0.00702462421  0.0404639757   30.1376295
      z[189]    1.721000000  0.448731947 0.01419015012  0.1211284901   13.7240210
      z[237]    1.515000000  0.500025024 0.01581217964  0.0546554867   83.6981672
      z[131]    1.001000000  0.031622777 0.00100000000  0.0010000000 1000.0000000
      z[165]    1.810000000  0.392497203 0.01241185135  0.1210050504   10.5212209
       z[76]    1.041000000  0.198389411 0.00627362402  0.0410000000   23.4136576
      z[181]    1.096000000  0.294738648 0.00932045443  0.0499599840   34.8040348
theta[13][1]    0.847853000  0.124063825 0.00392324262  0.0110061990  127.0619782
theta[13][2]    0.152147000  0.124063825 0.00392324262  0.0110061990  127.0619782
      z[220]    1.027000000  0.162164414 0.00512808905  0.0180154255   81.0255651
      z[134]    1.821000000  0.383544138 0.01212873061  0.1194473385   10.3104530
       z[66]    1.985000000  0.121613280 0.00384574957  0.0100277393  147.0807824
 theta[2][1]    0.264650515  0.248350495 0.00785353222  0.0718290489   11.9544563
 theta[2][2]    0.735349485  0.248350495 0.00785353222  0.0718290489   11.9544563
      z[111]    1.000000000  0.000000000 0.00000000000  0.0000000000 1000.0000000
      z[168]    1.023000000  0.149978310 0.00474273059  0.0230000000   42.5207817
      z[178]    1.088000000  0.283436653 0.00896305396  0.0440656077   41.3725696
      z[129]    1.036000000  0.186383311 0.00589395782  0.0261703819   50.7217146
       z[19]    1.733000000  0.442613722 0.01399667485  0.1367889697   10.4700219
        z[2]    1.261000000  0.439399672 0.01389503768  0.1350427916   10.5870909
       z[60]    1.018000000  0.133017644 0.00420638725  0.0180000000   54.6101657
       z[22]    1.733000000  0.442613722 0.01399667485  0.1367889697   10.4700219
       z[45]    1.866000000  0.340822769 0.01077776230  0.0797802538   18.2501474
      z[182]    1.037000000  0.188856206 0.00597215762  0.0370000000   26.0530801
      z[228]    1.218000000  0.413093993 0.01306317904  0.0741889480   31.0041146
      z[184]    1.168000000  0.374053360 0.01182860583  0.0621789532   36.1893104
      z[250]    1.554000000  0.497324171 0.01572677117  0.0398385631  155.8374392
      z[108]    1.036000000  0.186383311 0.00589395782  0.0360000000   26.8045824
      z[191]    1.526000000  0.499573392 0.01579789776  0.1207863127   17.1065783
      z[252]    1.037000000  0.188856206 0.00597215762  0.0348026180   29.4468397
theta[14][1]    0.192397288  0.236951588 0.00749306712  0.0718579579   10.8735036
theta[14][2]    0.807602712  0.236951588 0.00749306712  0.0718579579   10.8735036
       z[54]    1.028000000  0.165055273 0.00521950603  0.0280000000   34.7490347
      z[153]    1.084000000  0.277526613 0.00877616209  0.0563165656   24.2849352
       z[96]    1.340000000  0.473945803 0.01498748226  0.1451512621   10.6614367
theta[15][1]    0.906564603  0.121987121 0.00385757147  0.0263169605   21.4860463
theta[15][2]    0.093435397  0.121987121 0.00385757147  0.0263169605   21.4860463
theta[24][1]    0.416725394  0.169789767 0.00536922386  0.0253055840   45.0184246
theta[24][2]    0.583274606  0.169789767 0.00536922386  0.0253055840   45.0184246
       z[71]    1.997000000  0.054717401 0.00173031615  0.0030000000  332.6659993
      z[166]    1.037000000  0.188856206 0.00597215762  0.0370000000   26.0530801
      z[162]    1.809000000  0.393285740 0.01243678711  0.1130629127   12.0997407
       z[84]    1.046000000  0.209589904 0.00662781472  0.0460000000   20.7598903
       z[65]    1.959000000  0.198389411 0.00627362402  0.0260959767   57.7949462
      z[173]    1.578000000  0.494125652 0.01562562511  0.1480675522   11.1366612
       z[41]    1.000000000  0.000000000 0.00000000000  0.0000000000 1000.0000000
      z[146]    1.023000000  0.149978310 0.00474273059  0.0230000000   42.5207817
       z[86]    1.047000000  0.211744742 0.00669595668  0.0470000000   20.2968926
theta[10][1]    0.949185608  0.084077892 0.00265877640  0.0158289189   28.2137701
theta[10][2]    0.050814392  0.084077892 0.00265877640  0.0158289189   28.2137701
        z[3]    2.000000000  0.000000000 0.00000000000  0.0000000000 1000.0000000
       z[28]    1.725000000  0.446737702 0.01412708656  0.1408801697   10.0555419
      z[132]    1.019000000  0.136593037 0.00431945108  0.0190000000   51.6832622
theta[25][1]    0.935823582  0.135697103 0.00429111918  0.0230390656   34.6905695
theta[25][2]    0.064176418  0.135697103 0.00429111918  0.0230390656   34.6905695
      z[224]    1.681000000  0.466322267 0.01474640487  0.0604143103   59.5789250
      z[212]    1.935000000  0.246649216 0.00779973306  0.0303406585   66.0860015
        z[5]    1.740000000  0.438853726 0.01387777333  0.1346930667   10.6157113
       z[77]    1.024000000  0.153125594 0.00484225644  0.0240000000   40.7073740
      z[126]    1.011000000  0.104354635 0.00329998332  0.0082259751  160.9343333
      z[128]    1.008000000  0.089128805 0.00281850030  0.0069602043  163.9804943
       z[91]    1.058000000  0.233860409 0.00739531546  0.0462313025   25.5882832
      z[243]    1.124000000  0.329746467 0.01042749887  0.0651698635   25.6015748
        z[4]    1.736000000  0.441019839 0.01394627185  0.1361306562   10.4955301
       z[11]    1.972000000  0.165055273 0.00521950603  0.0280000000   34.7490347
       z[83]    1.044000000  0.205197724 0.00648892180  0.0440000000   21.7490217
       z[14]    1.980000000  0.140070053 0.00442940398  0.0200000000   49.0490490
      z[241]    1.921000000  0.269873733 0.00853415677  0.0146401275  339.8063694
      z[112]    1.001000000  0.031622777 0.00100000000  0.0010000000 1000.0000000
       z[39]    1.968000000  0.176088066 0.00556839358  0.0320000000   30.2802803
       z[58]    1.025000000  0.156203071 0.00493957482  0.0250000000   39.0390390
        z[1]    1.722000000  0.448237567 0.01417451646  0.1419373884    9.9729326
      z[253]    1.021000000  0.143455845 0.00453647215  0.0188237439   58.0797166
      z[223]    1.957000000  0.202958597 0.00641811438  0.0196666667  106.5009278
      z[249]    1.550000000  0.497742652 0.01574000469  0.0470932880  111.7099063
       z[55]    1.003000000  0.054717401 0.00173031615  0.0030000000  332.6659993
      z[205]    1.095000000  0.293361656 0.00927691010  0.0779636668   14.1586610
theta[22][1]    0.760097036  0.206070282 0.00651651449  0.0190399232  117.1386850
theta[22][2]    0.239902964  0.206070282 0.00651651449  0.0190399232  117.1386850
       z[43]    1.978000000  0.146756729 0.00464085526  0.0220000000   44.4990445
       z[57]    1.032000000  0.176088066 0.00556839358  0.0320000000   30.2802803
      z[234]    1.059000000  0.235742602 0.00745483565  0.0514338842   21.0076514
      z[211]    1.854000000  0.353282902 0.01117178629  0.0526033375   45.1043720
      z[172]    1.026000000  0.159214790 0.00503481374  0.0260000000   37.4990375
      z[151]    1.021000000  0.143455845 0.00453647215  0.0210000000   46.6657133
       z[46]    1.056000000  0.230036773 0.00727440148  0.0373333333   37.9665380
      z[233]    1.932000000  0.251871871 0.00796488791  0.0343769949   53.6813609
       z[78]    1.034000000  0.181319819 0.00573383614  0.0340000000   28.4402049
      z[214]    1.017000000  0.129335717 0.00408995449  0.0170000000   57.8814108
        z[7]    1.275000000  0.446737702 0.01412708656  0.1405959538   10.0962377
      z[259]    1.026000000  0.159214790 0.00503481374  0.0216641024   54.0113978
      z[186]    1.778000000  0.415799097 0.01314872195  0.1083389742   14.7298270
      z[199]    1.983000000  0.129335717 0.00408995449  0.0139880902   85.4909424
       z[17]    1.740000000  0.438853726 0.01387777333  0.1334998960   10.8063175
       z[52]    1.005000000  0.070568973 0.00223158687  0.0050000000  199.1991992
      z[247]    1.570000000  0.495323475 0.01566350361  0.0404969135  149.6008203
      z[242]    1.078000000  0.268305773 0.00848457353  0.0611337332   19.2618591
      z[159]    1.798000000  0.401693113 0.01270265159  0.1283207786    9.7992943
      z[174]    1.033000000  0.178725888 0.00565180882  0.0330000000   29.3323627
      z[235]    1.930000000  0.255274686 0.00807249436  0.0145296631  308.6770982
      z[239]    1.060000000  0.237605674 0.00751375116  0.0481433046   24.3580109
      z[152]    1.007000000  0.083414375 0.00263779415  0.0070000000  141.9991420
       z[34]    1.015000000  0.121613280 0.00384574957  0.0150000000   65.7323991
      z[246]    1.931000000  0.253580960 0.00801893405  0.0174769690  210.5237285
       z[95]    1.903000000  0.296105857 0.00936368937  0.0854796922   11.9996367
      z[218]    1.249000000  0.432650189 0.01368160028  0.0522057894   68.6809766
      z[140]    1.925000000  0.263523138 0.00833333333  0.0728049144   13.1013521
      z[231]    1.514000000  0.500054051 0.01581309755  0.0647078906   59.7199471
      z[197]    1.824000000  0.381010721 0.01204861690  0.0621145894   37.6259222
       z[13]    1.723000000  0.447740406 0.01415879485  0.1414845889   10.0146161
      z[127]    1.018000000  0.133017644 0.00420638725  0.0133998342   98.5416109
      z[158]    1.751000000  0.432650189 0.01368160028  0.1292925193   11.1976529
      z[255]    1.034000000  0.181319819 0.00573383614  0.0307390450   34.7944370
       z[51]    1.132000000  0.338660140 0.01070937396  0.0878989319   14.8443427
      z[130]    1.677000000  0.467856698 0.01479492784  0.1370243287   11.6581687
      z[117]    1.954000000  0.209589904 0.00662781472  0.0460000000   20.7598903
      z[261]    1.028000000  0.165055273 0.00521950603  0.0236549267   48.6872894
      z[196]    1.768000000  0.422320204 0.01335493745  0.0617665857   46.7494522
       z[92]    1.995000000  0.070568973 0.00223158687  0.0050000000  199.1991992
       z[63]    1.015000000  0.121613280 0.00384574957  0.0150000000   65.7323991
       z[18]    1.735000000  0.441554040 0.01396316475  0.1358205515   10.5690693
      z[202]    1.830000000  0.375820757 0.01188449583  0.0539958846   48.4440233
      z[115]    1.959000000  0.198389411 0.00627362402  0.0410000000   23.4136576
      z[187]    1.865000000  0.341894563 0.01081165537  0.0798227202   18.3455755
      z[118]    1.994000000  0.077265581 0.00244335220  0.0060000000  165.8324992
       z[59]    1.030000000  0.170672579 0.00539714083  0.0300000000   32.3656990
theta[18][1]    0.847195439  0.172483093 0.00545439431  0.0338978109   25.8910556
theta[18][2]    0.152804561  0.172483093 0.00545439431  0.0338978109   25.8910556
      z[136]    1.922000000  0.268305773 0.00848457353  0.0780000000   11.8323452
      z[124]    1.951000000  0.215976030 0.00682976176  0.0437276927   24.3948405
       z[69]    1.992000000  0.089128805 0.00281850030  0.0055377492  259.0416503
      z[169]    1.146000000  0.353282902 0.01117178629  0.0816115460   18.7388109
       z[31]    1.836000000  0.370460850 0.01171500069  0.1094958142   11.4469452
       z[32]    1.868000000  0.338660140 0.01070937396  0.0918549581   13.5932393
      z[144]    1.950000000  0.218054001 0.00689547297  0.0375351687   33.7482593
       z[12]    1.742000000  0.437752930 0.01384296311  0.1326130545   10.8964634
      z[175]    1.039000000  0.193691808 0.00612507278  0.0311430392   38.6812520
      z[102]    1.030000000  0.170672579 0.00539714083  0.0300000000   32.3656990
      z[176]    1.085000000  0.279021241 0.00882342637  0.0483563164   33.2941637
        z[6]    1.978000000  0.146756729 0.00464085526  0.0220000000   44.4990445
      z[194]    1.988000000  0.108939744 0.00344497719  0.0120000000   82.4157491
      z[106]    1.125000000  0.330884397 0.01046348338  0.0949297986   12.1491938
       z[16]    1.268000000  0.443139225 0.01401329270  0.1372815436   10.4197207
        z[8]    1.029000000  0.167890402 0.00530916069  0.0290000000   33.5162749
      z[236]    1.165000000  0.371366279 0.01174363287  0.0670530470   30.6738222
      z[188]    1.876000000  0.329746467 0.01042749887  0.0666033032   24.5114366
      z[185]    1.560000000  0.496635326 0.01570498795  0.1267105187   15.3620749
      z[193]    1.852000000  0.355277669 0.01123486636  0.0771405643   21.2114422
      z[148]    1.064000000  0.244875405 0.00774364023  0.0457092259   28.7000466
      z[167]    1.014000000  0.117549214 0.00371723255  0.0140000000   70.4990705
      z[206]    1.341000000  0.474282557 0.01499813135  0.1003045363   22.3580105
       z[56]    1.012000000  0.108939744 0.00344497719  0.0120000000   82.4157491
       z[82]    1.079000000  0.269873733 0.00853415677  0.0476666667   32.0546964
theta[17][1]    0.850072561  0.160294038 0.00506894255  0.0299575618   28.6300305
theta[17][2]    0.149927439  0.160294038 0.00506894255  0.0299575618   28.6300305
      z[123]    1.952000000  0.213873191 0.00676326413  0.0427343214   25.0471937
       z[73]    1.970000000  0.170672579 0.00539714083  0.0208699678   66.8781026
       z[35]    1.990000000  0.099548530 0.00314800094  0.0100000000   99.0990991
      z[122]    1.962000000  0.191291904 0.00604918115  0.0380000000   25.3411306
 theta[5][1]    0.940111800  0.107320352 0.00339376750  0.0199293219   28.9987401
 theta[5][2]    0.059888200  0.107320352 0.00339376750  0.0199293219   28.9987401
     elapsed    1.083290717  0.213606377 0.00675482674  0.0543955821   15.4205964
       z[97]    2.000000000  0.000000000 0.00000000000  0.0000000000 1000.0000000
      z[164]    1.779000000  0.415128090 0.01312750286  0.1244940873   11.1190272
       z[36]    1.823000000  0.381859682 0.01207546342  0.1180588366   10.4619012
      z[121]    1.943000000  0.231958627 0.00733517585  0.0570000000   16.5604201
      z[163]    1.754000000  0.430894035 0.01362606582  0.1311843487   10.7888938
       z[70]    1.950000000  0.218054001 0.00689547297  0.0272029410   64.2534426
       z[89]    1.031000000  0.173404351 0.00548352706  0.0310000000   31.2893539
       z[74]    1.997000000  0.054717401 0.00173031615  0.0030000000  332.6659993
 theta[1][1]    0.427989428  0.145769573 0.00460963864  0.0142750755  104.2742168
 theta[1][2]    0.572010572  0.145769573 0.00460963864  0.0142750755  104.2742168
      z[190]    1.788000000  0.408929362 0.01293148186  0.1106023910   13.6699699
       z[94]    1.995000000  0.070568973 0.00223158687  0.0050000000  199.1991992
       z[81]    1.055000000  0.228094338 0.00721297629  0.0550000000   17.1990172
       z[93]    1.985000000  0.121613280 0.00384574957  0.0150000000   65.7323991
      z[209]    1.265000000  0.441554040 0.01396316475  0.0966005521   20.8933706
theta[16][1]    0.241871235  0.348633902 0.01102477200  0.1099862212   10.0476077
theta[16][2]    0.758128765  0.348633902 0.01102477200  0.1099862212   10.0476077
      z[257]    1.026000000  0.159214790 0.00503481374  0.0249087223   40.8567593
      z[204]    1.300000000  0.458486870 0.01449862787  0.0943869106   23.5955586
      z[139]    1.816000000  0.387678081 0.01225945734  0.1229923214    9.9354261
       z[68]    1.966000000  0.181319819 0.00573383614  0.0271293199   44.6696697
       z[40]    1.876000000  0.329746467 0.01042749887  0.0735632759   20.0926945
       z[53]    1.038000000  0.191291904 0.00604918115  0.0380000000   25.3411306
      z[157]    1.805000000  0.396398956 0.01253523562  0.1261502631    9.8738990
       z[23]    1.034000000  0.181319819 0.00573383614  0.0238607069   57.7462709
 theta[4][1]    0.418126193  0.158123391 0.00500030067  0.0331899698   22.6975261
 theta[4][2]    0.581873807  0.158123391 0.00500030067  0.0331899698   22.6975261
       z[62]    1.013000000  0.113330684 0.00358383089  0.0130000000   75.9990760
      z[256]    1.030000000  0.170672579 0.00539714083  0.0278088715   37.6669773
      z[227]    1.939000000  0.239450071 0.00757207609  0.0309282323   59.9404143
      z[192]    1.163000000  0.369550494 0.01168621271  0.0819898368   20.3155007
 theta[3][1]    0.501510892  0.174321461 0.00551252860  0.0468506517   13.8442821
 theta[3][2]    0.498489108  0.174321461 0.00551252860  0.0468506517   13.8442821
       z[44]    1.849000000  0.358228038 0.01132816522  0.0946860309   14.3135489
       z[33]    1.034000000  0.181319819 0.00573383614  0.0340000000   28.4402049
      z[135]    1.904000000  0.294738648 0.00932045443  0.0905808417   10.5876962
      z[222]    1.976000000  0.153125594 0.00484225644  0.0149962958  104.2623651
      z[260]    1.052000000  0.222138122 0.00702462421  0.0236079083   88.5382991
       z[15]    1.962000000  0.191291904 0.00604918115  0.0273982968   48.7467930
      z[143]    1.902000000  0.297463417 0.00940661918  0.0855024366   12.1034768
       z[29]    1.864000000  0.342960088 0.01084535023  0.0945539235   13.1561269
      z[201]    1.817000000  0.386860001 0.01223358740  0.0690740344   31.3673633
      z[170]    1.155000000  0.362085772 0.01145015747  0.0790112510   21.0012451
      z[150]    1.037000000  0.188856206 0.00597215762  0.0370000000   26.0530801
       z[79]    1.058000000  0.233860409 0.00739531546  0.0580000000   16.2576369
      z[103]    1.030000000  0.170672579 0.00539714083  0.0300000000   32.3656990
      z[232]    1.532000000  0.499224624 0.01578686876  0.0500621836   99.4425885
      z[147]    1.033000000  0.178725888 0.00565180882  0.0330000000   29.3323627
      z[120]    1.978000000  0.146756729 0.00464085526  0.0220000000   44.4990445
       z[67]    1.888000000  0.315524255 0.00997775303  0.0928295930   11.5529424
       z[85]    1.040000000  0.196057233 0.00619987407  0.0400000000   24.0240240
       z[21]    1.746000000  0.435515412 0.01377220657  0.1327336514   10.7657669
      z[225]    1.223000000  0.416466619 0.01316983084  0.0850757832   23.9634025
       z[99]    1.000000000  0.000000000 0.00000000000  0.0000000000 1000.0000000
      z[248]    1.937000000  0.243084533 0.00768700788  0.0083066239  856.3781172
      z[238]    1.952000000  0.213873191 0.00676326413  0.0104136662  421.7988480
      z[180]    1.029000000  0.167890402 0.00530916069  0.0290000000   33.5162749
      z[161]    1.820000000  0.384379692 0.01215515314  0.1054935490   13.2760556
      z[133]    1.101000000  0.301479502 0.00953361893  0.0812465384   13.7691092
      z[213]    1.766000000  0.423584022 0.01339490289  0.0641040820   43.6624165
theta[21][1]    0.635907386  0.248025496 0.00784325486  0.0588082277   17.7875639
theta[21][2]    0.364092614  0.248025496 0.00784325486  0.0588082277   17.7875639
      z[210]    1.121000000  0.326290462 0.01031821038  0.0847801077   14.8122430
       z[80]    1.034000000  0.181319819 0.00573383614  0.0340000000   28.4402049
      z[262]    1.037000000  0.188856206 0.00597215762  0.0326615642   33.4340173
      z[142]    1.290000000  0.453989104 0.01435639600  0.1298973954   12.2149016
      z[226]    1.930000000  0.255274686 0.00807249436  0.0323865541   62.1278058
      z[200]    1.843000000  0.363982807 0.01151014698  0.0635443852   32.8100864
       z[75]    1.986000000  0.117549214 0.00371723255  0.0140000000   70.4990705
       z[50]    1.011000000  0.104354635 0.00329998332  0.0110000000   89.9990900
          lp -507.711151606 42.131204800 1.33230567734 12.7499700499   10.9191650
      z[119]    1.995000000  0.070568973 0.00223158687  0.0050000000  199.1991992
      z[195]    1.979000000  0.143455845 0.00453647215  0.0140198272  104.7010832
      z[198]    1.943000000  0.231958627 0.00733517585  0.0527056818   19.3689550
       z[26]    1.024000000  0.153125594 0.00484225644  0.0160000000   91.5915916
       z[47]    1.852000000  0.355277669 0.01123486636  0.1002751769   12.5530410
   phi[1][1]    0.331675961  0.078220623 0.00247355327  0.0162969362   23.0372483
   phi[1][2]    0.294113415  0.057031349 0.00180348960  0.0103627596   30.2884071
   phi[1][3]    0.292346585  0.059111126 0.00186925794  0.0082886863   50.8589118
   phi[1][4]    0.054906324  0.088567193 0.00280074057  0.0282389953    9.8366514
   phi[1][5]    0.026957715  0.022910177 0.00072448341  0.0051949557   19.4488169
      z[171]    1.050000000  0.218054001 0.00689547297  0.0500000000   19.0190190
theta[23][1]    0.303460961  0.192994783 0.00610303092  0.0287651749   45.0149844
theta[23][2]    0.696539039  0.192994783 0.00610303092  0.0287651749   45.0149844
theta[19][1]    0.340290698  0.272654205 0.00862208303  0.0705256491   14.9461803
theta[19][2]    0.659709302  0.272654205 0.00862208303  0.0705256491   14.9461803
      z[114]    1.008000000  0.089128805 0.00281850030  0.0080000000  124.1241241
       z[72]    1.987000000  0.113330684 0.00358383089  0.0109595215  106.9330200
      z[221]    1.952000000  0.213873191 0.00676326413  0.0199888858  114.4815561
theta[12][1]    0.129253035  0.198297716 0.00627072437  0.0404766042   24.0008865
theta[12][2]    0.870746965  0.198297716 0.00627072437  0.0404766042   24.0008865
      z[156]    1.799000000  0.400948575 0.01267910721  0.1144693069   12.2687196
      z[110]    1.002000000  0.044698971 0.00141350557  0.0020000000  499.4994995
       z[90]    1.035000000  0.183871718 0.00581453427  0.0350000000   27.5990276
      z[116]    1.968000000  0.176088066 0.00556839358  0.0320000000   30.2802803
      z[240]    1.945000000  0.228094338 0.00721297629  0.0138443731  271.4453584
       z[61]    1.020000000  0.140070053 0.00442940398  0.0200000000   49.0490490
 theta[6][1]    0.101425331  0.134542628 0.00425461148  0.0228439488   34.6878560
 theta[6][2]    0.898574669  0.134542628 0.00425461148  0.0228439488   34.6878560
   phi[2][1]    0.032625001  0.052277886 0.00165317190  0.0150252463   12.1057815
   phi[2][2]    0.009374243  0.025326613 0.00080089783  0.0063484242   15.9155758
   phi[2][3]    0.252178163  0.062673218 0.00198190118  0.0133514265   22.0347769
   phi[2][4]    0.384932680  0.103684712 0.00327879849  0.0311439522   11.0836296
   phi[2][5]    0.320889914  0.052508434 0.00166046247  0.0085764931   37.4833715
       z[20]    1.727000000  0.445723759 0.01409502287  0.1397302958   10.1753748
      z[244]    1.533000000  0.499159454 0.01578480789  0.0520053416   92.1261017
theta[20][1]    0.156040253  0.176027622 0.00556648216  0.0345747091   25.9205716
theta[20][2]    0.843959747  0.176027622 0.00556648216  0.0345747091   25.9205716
      z[251]    1.938000000  0.241276220 0.00762982400  0.0096378882  626.7080478
      z[107]    1.007000000  0.083414375 0.00263779415  0.0070000000  141.9991420
      z[229]    1.665000000  0.472226638 0.01493311749  0.0450740132  109.7611147
       z[48]    1.857000000  0.350248017 0.01107581481  0.0977530903   12.8377933
      z[145]    1.036000000  0.186383311 0.00589395782  0.0240462517   60.0785259
      z[254]    1.026000000  0.159214790 0.00503481374  0.0238607069   44.5246183
      z[113]    1.022000000  0.146756729 0.00464085526  0.0220000000   44.4990445
       z[24]    1.018000000  0.133017644 0.00420638725  0.0180000000   54.6101657
       z[25]    1.931000000  0.253580960 0.00801893405  0.0569297813   19.8405749
      z[104]    1.089000000  0.284886223 0.00900889339  0.0857185316   11.0457052
      z[179]    1.023000000  0.149978310 0.00474273059  0.0230000000   42.5207817
       z[30]    1.035000000  0.183871718 0.00581453427  0.0350000000   27.5990276
      z[177]    1.576000000  0.494437527 0.01563548747  0.1426433003   12.0148982
      z[105]    1.025000000  0.156203071 0.00493957482  0.0250000000   39.0390390
       z[64]    1.963000000  0.188856206 0.00597215762  0.0265015723   50.7831039
      z[125]    1.120000000  0.325124139 0.01028132801  0.0880530143   13.6335820
      z[207]    1.378000000  0.485130242 0.01534116525  0.1230158075   15.5523082
      z[215]    1.046000000  0.209589904 0.00662781472  0.0308112534   46.2723960
       z[49]    1.919000000  0.272971635 0.00863212103  0.0687095335   15.7834174
      z[141]    1.905000000  0.293361656 0.00927691010  0.0895823643   10.7241198
      z[137]    1.811000000  0.391704522 0.01238678459  0.1260198397    9.6613836
       z[87]    1.054000000  0.226130792 0.00715088352  0.0540000000   17.5360546
      z[155]    1.082000000  0.274502006 0.00868051562  0.0420000000   42.7161856
      z[216]    1.265000000  0.441554040 0.01396316475  0.0566519589   60.7488222
      z[217]    1.162000000  0.368635175 0.01165726777  0.0510076247   52.2303992
       z[27]    1.035000000  0.183871718 0.00581453427  0.0350000000   27.5990276
      z[219]    1.103000000  0.304110972 0.00961683334  0.0280495593  117.5471475
      z[101]    1.003000000  0.054717401 0.00173031615  0.0030000000  332.6659993
 theta[8][1]    0.930721124  0.163021679 0.00515519813  0.0380510252   18.3551525
 theta[8][2]    0.069278876  0.163021679 0.00515519813  0.0380510252   18.3551525
theta[11][1]    0.102829838  0.140555389 0.00444475165  0.0213816995   43.2126159
theta[11][2]    0.897170162  0.140555389 0.00444475165  0.0213816995   43.2126159
      z[258]    1.026000000  0.159214790 0.00503481374  0.0249087223   40.8567593
       z[38]    1.765000000  0.424210979 0.01341472903  0.1229927730   11.8961004
       z[10]    1.708000000  0.454909818 0.01438551156  0.1488384658    9.3415782
      z[183]    1.021000000  0.143455845 0.00453647215  0.0210000000   46.6657133
      z[138]    1.902000000  0.297463417 0.00940661918  0.0925778951   10.3241076

