                   Mean           SD        Naive SE       MCSE          ESS    
 theta[9][1]    0.0676550062  0.090033238 0.0028471010 0.0050226209  321.3253201
 theta[9][2]    0.9323449938  0.090033238 0.0028471010 0.0050226209  321.3253201
      z[100]    1.0080000000  0.089128805 0.0028185003 0.0080000000  124.1241241
      z[245]    1.6540000000  0.475931204 0.0150502661 0.0274550137  300.5003825
        z[9]    1.5380000000  0.498803373 0.0157735476 0.1507227034   10.9522012
      z[160]    1.9920000000  0.089128805 0.0028185003 0.0080000000  124.1241241
      z[203]    1.0480000000  0.213873191 0.0067632641 0.0280000000   58.3440583
      z[230]    1.7130000000  0.452587932 0.0143120871 0.0598154569   57.2504743
       z[98]    1.9980000000  0.044698971 0.0014135056 0.0020000000  499.4994995
      z[208]    1.0780000000  0.268305773 0.0084845735 0.0418675159   41.0681980
       z[37]    1.9940000000  0.077265581 0.0024433522 0.0060000000  165.8324992
      z[109]    1.0030000000  0.054717401 0.0017303162 0.0030000000  332.6659993
 theta[7][1]    0.0886510068  0.115329820 0.0036470491 0.0083062878  192.7832428
 theta[7][2]    0.9113489932  0.115329820 0.0036470491 0.0083062878  192.7832428
      z[154]    1.1770000000  0.381859682 0.0120754634 0.1007312155   14.3707510
       z[42]    1.9870000000  0.113330684 0.0035838309 0.0130000000   75.9990760
      z[149]    1.0050000000  0.070568973 0.0022315869 0.0050000000  199.1991992
       z[88]    1.0150000000  0.121613280 0.0038457496 0.0150000000   65.7323991
      z[189]    1.8230000000  0.381859682 0.0120754634 0.0442229202   74.5611813
      z[237]    1.6310000000  0.482775385 0.0152666981 0.0288077922  280.8473221
      z[131]    1.0260000000  0.159214790 0.0050348137 0.0260000000   37.4990375
      z[165]    1.9940000000  0.077265581 0.0024433522 0.0060000000  165.8324992
       z[76]    1.0090000000  0.094487713 0.0029879638 0.0090000000  110.2213324
      z[181]    1.0320000000  0.176088066 0.0055683936 0.0320000000   30.2802803
theta[13][1]    0.6613733199  0.172315041 0.0054490801 0.0244688868   49.5927228
theta[13][2]    0.3386266801  0.172315041 0.0054490801 0.0244688868   49.5927228
      z[220]    1.0310000000  0.173404351 0.0054835271 0.0153079500  128.3175067
      z[134]    2.0000000000  0.000000000 0.0000000000 0.0000000000 1000.0000000
       z[66]    1.9820000000  0.133017644 0.0042063872 0.0180000000   54.6101657
 theta[2][1]    0.0934605842  0.157042093 0.0049661070 0.0279167235   31.6448659
 theta[2][2]    0.9065394158  0.157042093 0.0049661070 0.0279167235   31.6448659
      z[111]    1.0010000000  0.031622777 0.0010000000 0.0010000000 1000.0000000
      z[168]    1.0140000000  0.117549214 0.0037172325 0.0140000000   70.4990705
      z[178]    1.1150000000  0.319181574 0.0100934076 0.0589397055   29.3264638
      z[129]    1.6870000000  0.463946383 0.0146712728 0.1156916400   16.0816880
       z[19]    1.9750000000  0.156203071 0.0049395748 0.0250000000   39.0390390
        z[2]    1.5330000000  0.499159454 0.0157848079 0.1492056746   11.1920056
       z[60]    1.2240000000  0.417130673 0.0131908301 0.1177492628   12.5495415
       z[22]    1.9960000000  0.063150519 0.0019969947 0.0040000000  249.2492492
       z[45]    1.9950000000  0.070568973 0.0022315869 0.0050000000  199.1991992
      z[182]    1.0320000000  0.176088066 0.0055683936 0.0269072481   42.8273577
      z[228]    1.1910000000  0.393285740 0.0124367871 0.0481306093   66.7688169
      z[184]    1.1900000000  0.392497203 0.0124118514 0.0938556812   17.4884774
      z[250]    1.6570000000  0.474949025 0.0150192069 0.0156382721  922.3939978
      z[108]    1.0030000000  0.054717401 0.0017303162 0.0030000000  332.6659993
      z[191]    1.9070000000  0.290577761 0.0091888756 0.0364249609   63.6394706
      z[252]    1.0200000000  0.140070053 0.0044294040 0.0147572957   90.0900901
theta[14][1]    0.0448913722  0.062164815 0.0019658240 0.0022938311  734.4570645
theta[14][2]    0.9551086278  0.062164815 0.0019658240 0.0022938311  734.4570645
       z[54]    1.0300000000  0.170672579 0.0053971408 0.0300000000   32.3656990
      z[153]    1.2810000000  0.449712398 0.0142211547 0.1203924139   13.9531248
       z[96]    1.9860000000  0.117549214 0.0037172325 0.0140000000   70.4990705
theta[15][1]    0.8982183015  0.124546474 0.0039385053 0.0267580323   21.6647921
theta[15][2]    0.1017816985  0.124546474 0.0039385053 0.0267580323   21.6647921
theta[24][1]    0.3746793767  0.175445703 0.0055480803 0.0170198482  106.2610503
theta[24][2]    0.6253206233  0.175445703 0.0055480803 0.0170198482  106.2610503
       z[71]    1.9910000000  0.094487713 0.0029879638 0.0090000000  110.2213324
      z[166]    1.0050000000  0.070568973 0.0022315869 0.0050000000  199.1991992
      z[162]    2.0000000000  0.000000000 0.0000000000 0.0000000000 1000.0000000
       z[84]    1.0090000000  0.094487713 0.0029879638 0.0060461190  244.2290315
       z[65]    1.9940000000  0.077265581 0.0024433522 0.0060000000  165.8324992
      z[173]    1.9890000000  0.104354635 0.0032999833 0.0110000000   89.9990900
       z[41]    1.0640000000  0.244875405 0.0077436402 0.0640000000   14.6396396
      z[146]    1.0100000000  0.099548530 0.0031480009 0.0100000000   99.0990991
       z[86]    1.0200000000  0.140070053 0.0044294040 0.0140633487   99.2003239
theta[10][1]    0.9652799029  0.047253247 0.0014942789 0.0041432693  130.0699566
theta[10][2]    0.0347200971  0.047253247 0.0014942789 0.0041432693  130.0699566
        z[3]    1.9910000000  0.094487713 0.0029879638 0.0090000000  110.2213324
       z[28]    1.9900000000  0.099548530 0.0031480009 0.0100000000   99.0990991
      z[132]    1.0270000000  0.162164414 0.0051280890 0.0270000000   36.0731101
theta[25][1]    0.9368905906  0.122296072 0.0038673414 0.0151168810   65.4486405
theta[25][2]    0.0631094094  0.122296072 0.0038673414 0.0151168810   65.4486405
      z[224]    1.6670000000  0.471522357 0.0149108462 0.0636492123   54.8805573
      z[212]    1.8490000000  0.358228038 0.0113281652 0.0840694158   18.1569581
        z[5]    1.9970000000  0.054717401 0.0017303162 0.0030000000  332.6659993
       z[77]    1.0010000000  0.031622777 0.0010000000 0.0010000000 1000.0000000
      z[126]    1.5130000000  0.500081075 0.0158139521 0.1391805382   12.9099278
      z[128]    1.2850000000  0.451640320 0.0142821210 0.1338676793   11.3824026
       z[91]    1.1880000000  0.390907673 0.0123615860 0.1057229083   13.6713118
      z[243]    1.1080000000  0.310535718 0.0098200017 0.0130639453  565.0337838
        z[4]    1.9920000000  0.089128805 0.0028185003 0.0080000000  124.1241241
       z[11]    1.9670000000  0.178725888 0.0056518088 0.0330000000   29.3323627
       z[83]    1.0060000000  0.077265581 0.0024433522 0.0060000000  165.8324992
       z[14]    1.9720000000  0.165055273 0.0052195060 0.0280000000   34.7490347
      z[241]    1.9420000000  0.233860409 0.0073953155 0.0355840164   43.1920162
      z[112]    1.0080000000  0.089128805 0.0028185003 0.0080000000  124.1241241
       z[39]    1.9820000000  0.133017644 0.0042063872 0.0180000000   54.6101657
       z[58]    1.0280000000  0.165055273 0.0052195060 0.0280000000   34.7490347
        z[1]    1.9970000000  0.054717401 0.0017303162 0.0030000000  332.6659993
      z[253]    1.0220000000  0.146756729 0.0046408553 0.0176886655   68.8344595
      z[223]    1.9010000000  0.298811459 0.0094492480 0.0544966870   30.0645215
      z[249]    1.6390000000  0.480530863 0.0151957201 0.0215741615  496.1062758
       z[55]    1.0220000000  0.146756729 0.0046408553 0.0220000000   44.4990445
      z[205]    1.0250000000  0.156203071 0.0049395748 0.0217689892   51.4875955
theta[22][1]    0.7591801734  0.180771831 0.0057165072 0.0163156980  122.7581110
theta[22][2]    0.2408198266  0.180771831 0.0057165072 0.0163156980  122.7581110
       z[43]    1.9920000000  0.089128805 0.0028185003 0.0080000000  124.1241241
       z[57]    1.0320000000  0.176088066 0.0055683936 0.0320000000   30.2802803
      z[234]    1.1070000000  0.309267920 0.0097799104 0.0338312807   83.5666265
      z[211]    1.8160000000  0.387678081 0.0122594573 0.0702882952   30.4212093
      z[172]    1.0280000000  0.165055273 0.0052195060 0.0187260959   77.6898572
      z[151]    1.0140000000  0.117549214 0.0037172325 0.0140000000   70.4990705
       z[46]    1.0550000000  0.228094338 0.0072129763 0.0550000000   17.1990172
      z[233]    1.9750000000  0.156203071 0.0049395748 0.0250000000   39.0390390
       z[78]    1.0050000000  0.070568973 0.0022315869 0.0050000000  199.1991992
      z[214]    1.0200000000  0.140070053 0.0044294040 0.0106458129  173.1142908
        z[7]    1.8700000000  0.336471712 0.0106401698 0.0820975030   16.7972126
      z[259]    1.0180000000  0.133017644 0.0042063872 0.0147422296   81.4127010
      z[186]    1.9870000000  0.113330684 0.0035838309 0.0089504811  160.3253739
      z[199]    1.9620000000  0.191291904 0.0060491812 0.0380000000   25.3411306
       z[17]    1.9740000000  0.159214790 0.0050348137 0.0260000000   37.4990375
       z[52]    1.0550000000  0.228094338 0.0072129763 0.0550000000   17.1990172
      z[247]    1.6280000000  0.483580241 0.0152921499 0.0215406592  503.9867454
      z[242]    1.1390000000  0.346119631 0.0109452638 0.0343979974  101.2479284
      z[159]    1.9930000000  0.083414375 0.0026377941 0.0070000000  141.9991420
      z[174]    1.0080000000  0.089128805 0.0028185003 0.0080000000  124.1241241
      z[235]    1.9550000000  0.207407854 0.0065588122 0.0315964133   43.0898344
      z[239]    1.1400000000  0.347160655 0.0109781838 0.0315171911  121.3293831
      z[152]    1.0060000000  0.077265581 0.0024433522 0.0060000000  165.8324992
       z[34]    1.9170000000  0.276020266 0.0087285272 0.0662998240   17.3323395
      z[246]    1.9480000000  0.222138122 0.0070246242 0.0302508035   53.9227912
       z[95]    1.9970000000  0.054717401 0.0017303162 0.0030000000  332.6659993
      z[218]    1.2210000000  0.415128090 0.0131275029 0.0625291043   44.0757618
      z[140]    1.9950000000  0.070568973 0.0022315869 0.0050000000  199.1991992
      z[231]    1.6580000000  0.474616963 0.0150087062 0.0371423687  163.2853859
      z[197]    1.9510000000  0.215976030 0.0068297618 0.0437276927   24.3948405
       z[13]    1.9800000000  0.140070053 0.0044294040 0.0200000000   49.0490490
      z[127]    1.0380000000  0.191291904 0.0060491812 0.0268659222   50.6978654
      z[158]    1.1470000000  0.354283102 0.0112034154 0.0783730396   20.4346638
      z[255]    1.0140000000  0.117549214 0.0037172325 0.0129271463   82.6864098
       z[51]    1.0520000000  0.222138122 0.0070246242 0.0520000000   18.2490182
      z[130]    1.9920000000  0.089128805 0.0028185003 0.0080000000  124.1241241
      z[117]    1.9910000000  0.094487713 0.0029879638 0.0090000000  110.2213324
      z[261]    1.0220000000  0.146756729 0.0046408553 0.0189032625   60.2729595
      z[196]    1.9160000000  0.277526613 0.0087761621 0.0446766158   38.5876859
       z[92]    1.9960000000  0.063150519 0.0019969947 0.0040000000  249.2492492
       z[63]    1.0550000000  0.228094338 0.0072129763 0.0550000000   17.1990172
       z[18]    1.9770000000  0.149978310 0.0047427306 0.0230000000   42.5207817
      z[202]    1.9150000000  0.279021241 0.0088234264 0.0487453702   32.7648200
      z[115]    1.9920000000  0.089128805 0.0028185003 0.0080000000  124.1241241
      z[187]    1.9940000000  0.077265581 0.0024433522 0.0060000000  165.8324992
      z[118]    1.9880000000  0.108939744 0.0034449772 0.0120000000   82.4157491
       z[59]    1.0640000000  0.244875405 0.0077436402 0.0640000000   14.6396396
theta[18][1]    0.8455615309  0.179975290 0.0056913184 0.0265847762   45.8310435
theta[18][2]    0.1544384691  0.179975290 0.0056913184 0.0265847762   45.8310435
      z[136]    2.0000000000  0.000000000 0.0000000000 0.0000000000 1000.0000000
      z[124]    1.9270000000  0.260266669 0.0082303547 0.0489455480   28.2755275
       z[69]    1.9750000000  0.156203071 0.0049395748 0.0250000000   39.0390390
      z[169]    1.1550000000  0.362085772 0.0114501575 0.0625610813   33.4976566
       z[31]    1.9950000000  0.070568973 0.0022315869 0.0050000000  199.1991992
       z[32]    1.9930000000  0.083414375 0.0026377941 0.0070000000  141.9991420
      z[144]    1.9980000000  0.044698971 0.0014135056 0.0020000000  499.4994995
       z[12]    1.9740000000  0.159214790 0.0050348137 0.0260000000   37.4990375
      z[175]    1.0930000000  0.290577761 0.0091888756 0.0598154569   23.5992335
      z[102]    1.0080000000  0.089128805 0.0028185003 0.0080000000  124.1241241
      z[176]    1.0240000000  0.153125594 0.0048422564 0.0229104537   44.6712589
        z[6]    1.9980000000  0.044698971 0.0014135056 0.0020000000  499.4994995
      z[194]    1.9620000000  0.191291904 0.0060491812 0.0380000000   25.3411306
      z[106]    1.0000000000  0.000000000 0.0000000000 0.0000000000 1000.0000000
       z[16]    1.9770000000  0.149978310 0.0047427306 0.0230000000   42.5207817
        z[8]    1.9310000000  0.253580960 0.0080189341 0.0657343137   14.8815791
      z[236]    1.1110000000  0.314289322 0.0099387010 0.0274246442  131.3340228
      z[188]    1.9700000000  0.170672579 0.0053971408 0.0184992492   85.1175851
      z[185]    1.8750000000  0.330884397 0.0104634834 0.0592405642   31.1970986
      z[193]    1.9850000000  0.121613280 0.0038457496 0.0150000000   65.7323991
      z[148]    1.0190000000  0.136593037 0.0043194511 0.0190000000   51.6832622
      z[167]    1.0140000000  0.117549214 0.0037172325 0.0129271463   82.6864098
      z[206]    1.3680000000  0.482502652 0.0152580736 0.0716596896   45.3366643
       z[56]    1.0270000000  0.162164414 0.0051280890 0.0270000000   36.0731101
       z[82]    1.0360000000  0.186383311 0.0058939578 0.0360000000   26.8045824
theta[17][1]    0.7992974978  0.142470206 0.0045053035 0.0167444572   72.3945648
theta[17][2]    0.2007025022  0.142470206 0.0045053035 0.0167444572   72.3945648
      z[123]    1.9760000000  0.153125594 0.0048422564 0.0240000000   40.7073740
       z[73]    1.9950000000  0.070568973 0.0022315869 0.0050000000  199.1991992
       z[35]    1.9860000000  0.117549214 0.0037172325 0.0140000000   70.4990705
      z[122]    1.9610000000  0.193691808 0.0061250728 0.0390000000   24.6656913
 theta[5][1]    0.9106669534  0.161449897 0.0051054940 0.0351471883   21.1005788
 theta[5][2]    0.0893330466  0.161449897 0.0051054940 0.0351471883   21.1005788
     elapsed    1.7489139779  0.227076427 0.0071807871 0.0501739837   20.4826872
       z[97]    1.9940000000  0.077265581 0.0024433522 0.0060000000  165.8324992
      z[164]    1.9890000000  0.104354635 0.0032999833 0.0110000000   89.9990900
       z[36]    1.9920000000  0.089128805 0.0028185003 0.0080000000  124.1241241
      z[121]    1.9850000000  0.121613280 0.0038457496 0.0150000000   65.7323991
      z[163]    1.8630000000  0.344019403 0.0108788487 0.0817319467   17.7166738
       z[70]    1.9900000000  0.099548530 0.0031480009 0.0100000000   99.0990991
       z[89]    1.1410000000  0.348195692 0.0110109146 0.1031552228   11.3936886
       z[74]    1.9850000000  0.121613280 0.0038457496 0.0150000000   65.7323991
 theta[1][1]    0.1481646393  0.134714101 0.0042600339 0.0259869060   26.8730504
 theta[1][2]    0.8518353607  0.134714101 0.0042600339 0.0259869060   26.8730504
      z[190]    1.9930000000  0.083414375 0.0026377941 0.0070000000  141.9991420
       z[94]    1.9960000000  0.063150519 0.0019969947 0.0040000000  249.2492492
       z[81]    1.0010000000  0.031622777 0.0010000000 0.0010000000 1000.0000000
       z[93]    1.9910000000  0.094487713 0.0029879638 0.0090000000  110.2213324
      z[209]    1.4220000000  0.494125652 0.0156256251 0.0584389520   71.4940604
theta[16][1]    0.1416495739  0.113391647 0.0035857587 0.0066115630  294.1398352
theta[16][2]    0.8583504261  0.113391647 0.0035857587 0.0066115630  294.1398352
      z[257]    1.0150000000  0.121613280 0.0038457496 0.0139243990   76.2797181
      z[204]    1.3330000000  0.471522357 0.0149108462 0.0763333333   38.1571671
      z[139]    2.0000000000  0.000000000 0.0000000000 0.0000000000 1000.0000000
       z[68]    1.9860000000  0.117549214 0.0037172325 0.0140000000   70.4990705
       z[40]    1.9960000000  0.063150519 0.0019969947 0.0040000000  249.2492492
       z[53]    1.0280000000  0.165055273 0.0052195060 0.0280000000   34.7490347
      z[157]    1.9900000000  0.099548530 0.0031480009 0.0100000000   99.0990991
       z[23]    1.9800000000  0.140070053 0.0044294040 0.0200000000   49.0490490
 theta[4][1]    0.3867851125  0.145295173 0.0045946368 0.0220391146   43.4624380
 theta[4][2]    0.6132148875  0.145295173 0.0045946368 0.0220391146   43.4624380
       z[62]    1.0300000000  0.170672579 0.0053971408 0.0300000000   32.3656990
      z[256]    1.0210000000  0.143455845 0.0045364722 0.0188826787   57.7177364
      z[227]    1.9400000000  0.237605674 0.0075137512 0.0376828874   39.7580679
      z[192]    1.2610000000  0.439399672 0.0138950377 0.0653783858   45.1701019
 theta[3][1]    0.1869256151  0.093657152 0.0029616992 0.0043659889  460.1682370
 theta[3][2]    0.8130743849  0.093657152 0.0029616992 0.0043659889  460.1682370
       z[44]    1.8760000000  0.329746467 0.0104274989 0.0828814414   15.8287169
       z[33]    1.4690000000  0.499287781 0.0157888660 0.1492384371   11.1928450
      z[135]    2.0000000000  0.000000000 0.0000000000 0.0000000000 1000.0000000
      z[222]    1.9060000000  0.291974741 0.0092330520 0.0602808243   23.4602264
      z[260]    1.0620000000  0.241276220 0.0076298240 0.0209125162  133.1117703
       z[15]    1.9770000000  0.149978310 0.0047427306 0.0230000000   42.5207817
      z[143]    2.0000000000  0.000000000 0.0000000000 0.0000000000 1000.0000000
       z[29]    1.9920000000  0.089128805 0.0028185003 0.0080000000  124.1241241
      z[201]    1.7570000000  0.429109701 0.0135696402 0.0727865983   34.7563226
      z[170]    1.2730000000  0.445723759 0.0140950229 0.1022529543   19.0011480
      z[150]    1.0090000000  0.094487713 0.0029879638 0.0090000000  110.2213324
       z[79]    1.0030000000  0.054717401 0.0017303162 0.0030000000  332.6659993
      z[103]    1.0040000000  0.063150519 0.0019969947 0.0040000000  249.2492492
      z[232]    1.6140000000  0.487074164 0.0154026375 0.0521365728   87.2780891
      z[147]    1.0100000000  0.099548530 0.0031480009 0.0100000000   99.0990991
      z[120]    1.9930000000  0.083414375 0.0026377941 0.0070000000  141.9991420
       z[67]    1.9850000000  0.121613280 0.0038457496 0.0150000000   65.7323991
       z[85]    1.1350000000  0.341894563 0.0108116554 0.1015135459   11.3432210
       z[21]    1.9770000000  0.149978310 0.0047427306 0.0230000000   42.5207817
      z[225]    1.2250000000  0.417791275 0.0132117202 0.0539186630   60.0399750
       z[99]    1.0030000000  0.054717401 0.0017303162 0.0030000000  332.6659993
      z[248]    1.9500000000  0.218054001 0.0068954730 0.0348329346   39.1875392
      z[238]    1.9480000000  0.222138122 0.0070246242 0.0338559038   43.0504176
      z[180]    1.0310000000  0.173404351 0.0054835271 0.0299054064   33.6217694
      z[161]    1.9900000000  0.099548530 0.0031480009 0.0100000000   99.0990991
      z[133]    1.0260000000  0.159214790 0.0050348137 0.0260000000   37.4990375
      z[213]    1.8990000000  0.301479502 0.0095336189 0.0553263048   29.6928748
theta[21][1]    0.6486991270  0.202726236 0.0064107665 0.0271598651   55.7140457
theta[21][2]    0.3513008730  0.202726236 0.0064107665 0.0271598651   55.7140457
      z[210]    1.0440000000  0.205197724 0.0064889218 0.0247745389   68.6015487
       z[80]    1.1340000000  0.340822769 0.0107777623 0.1012828822   11.3236151
      z[262]    1.0160000000  0.125537882 0.0039698564 0.0160000000   61.5615616
      z[142]    1.9950000000  0.070568973 0.0022315869 0.0050000000  199.1991992
      z[226]    1.8780000000  0.327449574 0.0103548647 0.0680816503   23.1328269
      z[200]    1.9090000000  0.287753022 0.0090995495 0.0459335269   39.2446267
       z[75]    1.9930000000  0.083414375 0.0026377941 0.0070000000  141.9991420
       z[50]    1.1200000000  0.325124139 0.0102813280 0.0800555363   16.4936087
          lp -489.7684575603 37.014520243 1.1705019046 7.0845331681   27.2974308
      z[119]    1.9820000000  0.133017644 0.0042063872 0.0180000000   54.6101657
      z[195]    1.9720000000  0.165055273 0.0052195060 0.0280000000   34.7490347
      z[198]    1.9690000000  0.173404351 0.0054835271 0.0310000000   31.2893539
       z[26]    1.9950000000  0.070568973 0.0022315869 0.0050000000  199.1991992
       z[47]    1.9950000000  0.070568973 0.0022315869 0.0050000000  199.1991992
   phi[1][1]    0.3903213083  0.060570476 0.0019154066 0.0073583378   67.7583047
   phi[1][2]    0.3274371806  0.052294804 0.0016537069 0.0077382129   45.6704965
   phi[1][3]    0.2571327785  0.046974885 0.0014854763 0.0037734926  154.9688616
   phi[1][4]    0.0069578267  0.032505204 0.0010279048 0.0047688833   46.4592714
   phi[1][5]    0.0181509058  0.040666717 0.0012859945 0.0091146700   19.9065650
      z[171]    1.0180000000  0.133017644 0.0042063872 0.0180000000   54.6101657
theta[23][1]    0.3163708511  0.246467907 0.0077939996 0.0421073536   34.2613808
theta[23][2]    0.6836291489  0.246467907 0.0077939996 0.0421073536   34.2613808
theta[19][1]    0.1681123885  0.148649213 0.0047007008 0.0161964128   84.2340252
theta[19][2]    0.8318876115  0.148649213 0.0047007008 0.0161964128   84.2340252
      z[114]    1.0000000000  0.000000000 0.0000000000 0.0000000000 1000.0000000
       z[72]    1.9850000000  0.121613280 0.0038457496 0.0150000000   65.7323991
      z[221]    1.9070000000  0.290577761 0.0091888756 0.0596480418   23.7318922
theta[12][1]    0.1288261078  0.174032667 0.0055033962 0.0265862276   42.8497326
theta[12][2]    0.8711738922  0.174032667 0.0055033962 0.0265862276   42.8497326
      z[156]    1.9890000000  0.104354635 0.0032999833 0.0079512403  172.2478190
      z[110]    1.0010000000  0.031622777 0.0010000000 0.0010000000 1000.0000000
       z[90]    1.0930000000  0.290577761 0.0091888756 0.0626107907   21.5390414
      z[116]    1.9940000000  0.077265581 0.0024433522 0.0060000000  165.8324992
      z[240]    1.9400000000  0.237605674 0.0075137512 0.0397771570   35.6817492
       z[61]    1.0350000000  0.183871718 0.0058145343 0.0350000000   27.5990276
 theta[6][1]    0.0724919279  0.109491662 0.0034624304 0.0113737512   92.6733041
 theta[6][2]    0.9275080721  0.109491662 0.0034624304 0.0113737512   92.6733041
   phi[2][1]    0.0253791051  0.033899228 0.0010719877 0.0061569011   30.3148383
   phi[2][2]    0.0222685344  0.028766214 0.0009096676 0.0067828401   17.9863175
   phi[2][3]    0.2804351913  0.041083190 0.0012991646 0.0029222912  197.6429609
   phi[2][4]    0.3890599212  0.046991426 0.0014859994 0.0058522850   64.4742532
   phi[2][5]    0.2828572480  0.049800898 0.0015748427 0.0087582896   32.3322368
       z[20]    1.5900000000  0.492079406 0.0155609171 0.1568013605    9.8485145
      z[244]    1.6940000000  0.461060274 0.0145800061 0.0239072281  371.9263587
theta[20][1]    0.1158976644  0.183354683 0.0057981842 0.0326312127   31.5731261
theta[20][2]    0.8841023356  0.183354683 0.0057981842 0.0326312127   31.5731261
      z[251]    1.9450000000  0.228094338 0.0072129763 0.0347770678   43.0172938
      z[107]    1.0040000000  0.063150519 0.0019969947 0.0040000000  249.2492492
      z[229]    1.6920000000  0.461897553 0.0146064831 0.0661446227   48.7643271
       z[48]    1.9970000000  0.054717401 0.0017303162 0.0030000000  332.6659993
      z[145]    1.0100000000  0.099548530 0.0031480009 0.0100000000   99.0990991
      z[254]    1.0230000000  0.149978310 0.0047427306 0.0143022920  109.9627602
      z[113]    1.0000000000  0.000000000 0.0000000000 0.0000000000 1000.0000000
       z[24]    1.4070000000  0.491520694 0.0155432491 0.1557209042    9.9629920
       z[25]    1.9870000000  0.113330684 0.0035838309 0.0130000000   75.9990760
      z[104]    1.0080000000  0.089128805 0.0028185003 0.0080000000  124.1241241
      z[179]    1.0300000000  0.170672579 0.0053971408 0.0300000000   32.3656990
       z[30]    1.6400000000  0.480240180 0.0151865279 0.1459756448   10.8232124
      z[177]    1.6390000000  0.480530863 0.0151957201 0.1399003614   11.7979051
      z[105]    1.0040000000  0.063150519 0.0019969947 0.0040000000  249.2492492
       z[64]    1.9910000000  0.094487713 0.0029879638 0.0090000000  110.2213324
      z[125]    1.2790000000  0.448731947 0.0141901501 0.1185134779   14.3363466
      z[207]    1.3580000000  0.479652026 0.0151679289 0.0667965402   51.5637662
      z[215]    1.0200000000  0.140070053 0.0044294040 0.0097752522  205.3216007
       z[49]    1.5410000000  0.498565510 0.0157660257 0.1517047571   10.8005548
      z[141]    2.0000000000  0.000000000 0.0000000000 0.0000000000 1000.0000000
      z[137]    1.9980000000  0.044698971 0.0014135056 0.0020000000  499.4994995
       z[87]    1.0550000000  0.228094338 0.0072129763 0.0507116029   20.2308595
      z[155]    1.1750000000  0.380157230 0.0120216272 0.1039471019   13.3752447
      z[216]    1.2410000000  0.427904314 0.0135315225 0.0545781804   61.4688694
      z[217]    1.2460000000  0.430894035 0.0136260658 0.0421162413  104.6747073
       z[27]    1.1570000000  0.363982807 0.0115101470 0.0839583230   18.7946494
      z[219]    1.0290000000  0.167890402 0.0053091607 0.0179783821   87.2068356
      z[101]    1.0610000000  0.239450071 0.0075720761 0.0508691131   22.1575433
 theta[8][1]    0.9197861096  0.089273728 0.0028230832 0.0211675793   17.7870919
 theta[8][2]    0.0802138904  0.089273728 0.0028230832 0.0211675793   17.7870919
theta[11][1]    0.0814617716  0.107992148 0.0034150116 0.0080925333  178.0800881
theta[11][2]    0.9185382284  0.107992148 0.0034150116 0.0080925333  178.0800881
      z[258]    1.0200000000  0.140070053 0.0044294040 0.0167994709   69.5183372
       z[38]    1.6290000000  0.483314176 0.0152837362 0.1469727866   10.8139712
       z[10]    1.9890000000  0.104354635 0.0032999833 0.0110000000   89.9990900
      z[183]    1.0380000000  0.191291904 0.0060491812 0.0337902024   32.0487868
      z[138]    1.9980000000  0.044698971 0.0014135056 0.0020000000  499.4994995

