                  Mean           SD         Naive SE       MCSE         ESS    
 theta[9][1]    0.123750411  0.192274681 0.00608025929 0.0412421701   21.735077
 theta[9][2]    0.876249589  0.192274681 0.00608025929 0.0412421701   21.735077
      z[100]    1.028000000  0.165055273 0.00521950603 0.0280000000   34.749035
      z[245]    1.471000000  0.499408058 0.01579266945 0.0476899710  109.662205
        z[9]    1.000000000  0.000000000 0.00000000000 0.0000000000 1000.000000
      z[160]    1.787000000  0.409632517 0.01295371757 0.0897657445   20.824164
      z[203]    1.022000000  0.146756729 0.00464085526 0.0220000000   44.499044
      z[230]    1.496000000  0.500234179 0.01581879370 0.0500266596   99.987041
       z[98]    1.925000000  0.263523138 0.00833333333 0.0578359750   20.760671
      z[208]    1.014000000  0.117549214 0.00371723255 0.0140000000   70.499070
       z[37]    1.812000000  0.390907673 0.01236158602 0.1054598396   13.739603
      z[109]    1.009000000  0.094487713 0.00298796384 0.0090000000  110.221332
 theta[7][1]    0.154463354  0.226069732 0.00714895265 0.0500009576   20.442227
 theta[7][2]    0.845536646  0.226069732 0.00714895265 0.0500009576   20.442227
      z[154]    1.109000000  0.311795151 0.00985982841 0.0667074875   21.846886
       z[42]    1.955000000  0.207407854 0.00655881224 0.0241867732   73.535074
      z[149]    1.046000000  0.209589904 0.00662781472 0.0460000000   20.759890
       z[88]    1.011000000  0.104354635 0.00329998332 0.0110000000   89.999090
      z[189]    1.799000000  0.400948575 0.01267910721 0.0556467030   51.915671
      z[237]    1.463000000  0.498878622 0.01577592723 0.0568633840   76.970514
      z[131]    1.035000000  0.183871718 0.00581453427 0.0242784770   57.357074
      z[165]    1.941000000  0.235742602 0.00745483565 0.0379897647   38.507289
       z[76]    1.004000000  0.063150519 0.00199699474 0.0040000000  249.249249
      z[181]    1.005000000  0.070568973 0.00223158687 0.0034156503  426.855427
theta[13][1]    0.785623398  0.194708657 0.00615722836 0.0399339577   23.773100
theta[13][2]    0.214376602  0.194708657 0.00615722836 0.0399339577   23.773100
      z[220]    1.045000000  0.207407854 0.00655881224 0.0450000000   21.243466
      z[134]    1.953000000  0.211744742 0.00669595668 0.0327973576   41.681905
       z[66]    1.948000000  0.222138122 0.00702462421 0.0438380859   25.676926
 theta[2][1]    0.716099127  0.205495011 0.00649832282 0.0552181292   13.849662
 theta[2][2]    0.283900873  0.205495011 0.00649832282 0.0552181292   13.849662
      z[111]    1.007000000  0.083414375 0.00263779415 0.0070000000  141.999142
      z[168]    1.031000000  0.173404351 0.00548352706 0.0310000000   31.289354
      z[178]    1.020000000  0.140070053 0.00442940398 0.0125609625  124.349702
      z[129]    1.300000000  0.458486870 0.01449862787 0.1137150435   16.256160
       z[19]    1.727000000  0.445723759 0.01409502287 0.1403650004   10.083560
        z[2]    1.000000000  0.000000000 0.00000000000 0.0000000000 1000.000000
       z[60]    1.042000000  0.200689502 0.00634635929 0.0420000000   22.832356
       z[22]    1.219000000  0.413775555 0.01308473195 0.1295157648   10.206677
       z[45]    1.977000000  0.149978310 0.00474273059 0.0230000000   42.520782
      z[182]    1.002000000  0.044698971 0.00141350557 0.0020000000  499.499499
      z[228]    1.043000000  0.202958597 0.00641811438 0.0175783958  133.308065
      z[184]    1.013000000  0.113330684 0.00358383089 0.0068394282  274.571484
      z[250]    1.463000000  0.498878622 0.01577592723 0.0550968844   81.985246
      z[108]    1.022000000  0.146756729 0.00464085526 0.0198774020   54.510078
      z[191]    1.701000000  0.458048915 0.01448477852 0.0813012232   31.741654
      z[252]    1.001000000  0.031622777 0.00100000000 0.0010000000 1000.000000
theta[14][1]    0.077843409  0.115841981 0.00366324508 0.0191757192   36.494602
theta[14][2]    0.922156591  0.115841981 0.00366324508 0.0191757192   36.494602
       z[54]    1.044000000  0.205197724 0.00648892180 0.0440000000   21.749022
      z[153]    1.251000000  0.433805472 0.01371813352 0.0882225721   24.178570
       z[96]    1.940000000  0.237605674 0.00751375116 0.0517257726   21.100835
theta[15][1]    0.890184702  0.148252085 0.00468814258 0.0261934752   32.034310
theta[15][2]    0.109815298  0.148252085 0.00468814258 0.0261934752   32.034310
theta[24][1]    0.511879495  0.217501904 0.00687801412 0.0421376748   26.643115
theta[24][2]    0.488120505  0.217501904 0.00687801412 0.0421376748   26.643115
       z[71]    1.933000000  0.250147104 0.00791034598 0.0648082642   14.898076
      z[166]    1.022000000  0.146756729 0.00464085526 0.0220000000   44.499044
      z[162]    1.884000000  0.320385154 0.01013146814 0.0818562426   15.319379
       z[84]    1.017000000  0.129335717 0.00408995449 0.0170000000   57.881411
       z[65]    1.958000000  0.200689502 0.00634635929 0.0420000000   22.832356
      z[173]    1.340000000  0.473945803 0.01498748226 0.0851143022   31.006467
       z[41]    1.135000000  0.341894563 0.01081165537 0.0760299649   20.221567
      z[146]    1.032000000  0.176088066 0.00556839358 0.0320000000   30.280280
       z[86]    1.002000000  0.044698971 0.00141350557 0.0020000000  499.499499
theta[10][1]    0.952925679  0.091662168 0.00289861227 0.0157173615   34.011123
theta[10][2]    0.047074321  0.091662168 0.00289861227 0.0157173615   34.011123
        z[3]    1.002000000  0.044698971 0.00141350557 0.0020000000  499.499499
       z[28]    1.933000000  0.250147104 0.00791034598 0.0670000000   13.939312
      z[132]    1.007000000  0.083414375 0.00263779415 0.0070000000  141.999142
theta[25][1]    0.958741986  0.057000792 0.00180252331 0.0048127400  140.273937
theta[25][2]    0.041258014  0.057000792 0.00180252331 0.0048127400  140.273937
      z[224]    1.579000000  0.493966601 0.01562059548 0.0607993056   66.008207
      z[212]    1.449000000  0.497641082 0.01573679277 0.0567538545   76.885019
        z[5]    1.000000000  0.000000000 0.00000000000 0.0000000000 1000.000000
       z[77]    1.007000000  0.083414375 0.00263779415 0.0070000000  141.999142
      z[126]    1.298000000  0.457608354 0.01447084674 0.1082568961   17.868033
      z[128]    1.174000000  0.379299180 0.01199449323 0.0852212806   19.809235
       z[91]    1.010000000  0.099548530 0.00314800094 0.0100000000   99.099099
      z[243]    1.067000000  0.250147104 0.00791034598 0.0573110422   19.050850
        z[4]    1.000000000  0.000000000 0.00000000000 0.0000000000 1000.000000
       z[11]    1.212000000  0.408929362 0.01293148186 0.1296987964    9.940877
       z[83]    1.001000000  0.031622777 0.00100000000 0.0010000000 1000.000000
       z[14]    1.207000000  0.405358256 0.01281855356 0.1300602425    9.713795
      z[241]    1.770000000  0.421043082 0.01331455134 0.0394686936  113.801391
      z[112]    1.008000000  0.089128805 0.00281850030 0.0080000000  124.124124
       z[39]    1.967000000  0.178725888 0.00565180882 0.0330000000   29.332363
       z[58]    1.036000000  0.186383311 0.00589395782 0.0360000000   26.804582
        z[1]    1.000000000  0.000000000 0.00000000000 0.0000000000 1000.000000
      z[253]    1.000000000  0.000000000 0.00000000000 0.0000000000 1000.000000
      z[223]    1.845000000  0.362085772 0.01145015747 0.0412647280   76.995429
      z[249]    1.472000000  0.499465179 0.01579447579 0.0493693562  102.351805
       z[55]    1.033000000  0.178725888 0.00565180882 0.0330000000   29.332363
      z[205]    1.008000000  0.089128805 0.00281850030 0.0061101009  212.784213
theta[22][1]    0.844199080  0.220506047 0.00697301346 0.0485374774   20.638903
theta[22][2]    0.155800920  0.220506047 0.00697301346 0.0485374774   20.638903
       z[43]    1.856000000  0.351265409 0.01110798755 0.0775485511   20.517450
       z[57]    1.022000000  0.146756729 0.00464085526 0.0220000000   44.499044
      z[234]    1.122000000  0.327449574 0.01035486471 0.0774137513   17.891742
      z[211]    1.301000000  0.458922226 0.01451239503 0.0397338367  133.400414
      z[172]    1.016000000  0.125537882 0.00396985639 0.0160000000   61.561562
      z[151]    1.019000000  0.136593037 0.00431945108 0.0190000000   51.683262
       z[46]    1.042000000  0.200689502 0.00634635929 0.0321385888   38.993813
      z[233]    1.777000000  0.416466619 0.01316983084 0.0193821223  461.697723
       z[78]    1.001000000  0.031622777 0.00100000000 0.0010000000 1000.000000
      z[214]    1.049000000  0.215976030 0.00682976176 0.0490000000   19.427591
        z[7]    1.000000000  0.000000000 0.00000000000 0.0000000000 1000.000000
      z[259]    1.000000000  0.000000000 0.00000000000 0.0000000000 1000.000000
      z[186]    1.888000000  0.315524255 0.00997775303 0.0450382553   49.079755
      z[199]    1.950000000  0.218054001 0.00689547297 0.0272437557   64.061067
       z[17]    1.198000000  0.398691554 0.01260773393 0.1311894305    9.235839
       z[52]    1.221000000  0.415128090 0.01312750286 0.0936951321   19.630447
      z[247]    1.455000000  0.498220055 0.01575510150 0.0514511635   93.767430
      z[242]    1.104000000  0.305413289 0.00965801622 0.0767419920   15.838342
      z[159]    1.869000000  0.337569182 0.01067487484 0.0632710220   28.465308
      z[174]    1.030000000  0.170672579 0.00539714083 0.0300000000   32.365699
      z[235]    1.825000000  0.380157230 0.01202162716 0.0339362147  125.487282
      z[239]    1.086000000  0.280504336 0.00887032596 0.0695573305   16.262726
      z[152]    1.039000000  0.193691808 0.00612507278 0.0390000000   24.665691
       z[34]    1.010000000  0.099548530 0.00314800094 0.0100000000   99.099099
      z[246]    1.789000000  0.408222544 0.01290913032 0.0293806437  193.050690
       z[95]    1.954000000  0.209589904 0.00662781472 0.0397827433   27.755641
      z[218]    1.180000000  0.384379692 0.01215515314 0.0618061486   38.677421
      z[140]    1.958000000  0.200689502 0.00634635929 0.0281582828   50.796873
      z[231]    1.461000000  0.498726105 0.01577110420 0.0589246223   71.635878
      z[197]    1.895000000  0.306706813 0.00969892103 0.0387370050   62.689494
       z[13]    1.198000000  0.398691554 0.01260773393 0.1311894305    9.235839
      z[127]    1.004000000  0.063150519 0.00199699474 0.0040000000  249.249249
      z[158]    1.106000000  0.307991654 0.00973955127 0.0609590026   25.527142
      z[255]    1.002000000  0.044698971 0.00141350557 0.0020000000  499.499499
       z[51]    1.059000000  0.235742602 0.00745483565 0.0393403948   35.908620
      z[130]    1.272000000  0.445212549 0.01407885699 0.0886039879   25.248074
      z[117]    1.960000000  0.196057233 0.00619987407 0.0268328157   53.386720
      z[261]    1.001000000  0.031622777 0.00100000000 0.0010000000 1000.000000
      z[196]    1.825000000  0.380157230 0.01202162716 0.0437734064   75.423350
       z[92]    1.960000000  0.196057233 0.00619987407 0.0400000000   24.024024
       z[63]    1.024000000  0.153125594 0.00484225644 0.0240000000   40.707374
       z[18]    1.207000000  0.405358256 0.01281855356 0.1300602425    9.713795
      z[202]    1.864000000  0.342960088 0.01084535023 0.0390498257   77.134552
      z[115]    1.961000000  0.193691808 0.00612507278 0.0262657360   54.380520
      z[187]    1.891000000  0.311795151 0.00985982841 0.0481075185   42.006143
      z[118]    1.985000000  0.121613280 0.00384574957 0.0150000000   65.732399
       z[59]    1.021000000  0.143455845 0.00453647215 0.0210000000   46.665713
theta[18][1]    0.934690074  0.094618861 0.00299211109 0.0103460460   83.638574
theta[18][2]    0.065309926  0.094618861 0.00299211109 0.0103460460   83.638574
      z[136]    1.944000000  0.230036773 0.00727440148 0.0360000000   40.830954
      z[124]    1.586000000  0.492794934 0.01558354410 0.1049253703   22.058270
       z[69]    1.724000000  0.447240454 0.01414298498 0.1102744052   16.448743
      z[169]    1.098000000  0.297463417 0.00940661918 0.0487806883   37.185299
       z[31]    1.213000000  0.409632517 0.01295371757 0.1223478647   11.209753
       z[32]    1.946000000  0.226130792 0.00715088352 0.0540000000   17.536055
      z[144]    1.993000000  0.083414375 0.00263779415 0.0070000000  141.999142
       z[12]    1.009000000  0.094487713 0.00298796384 0.0090000000  110.221332
      z[175]    1.028000000  0.165055273 0.00521950603 0.0118133634  195.214323
      z[102]    1.020000000  0.140070053 0.00442940398 0.0200000000   49.049049
      z[176]    1.006000000  0.077265581 0.00244335220 0.0042687495  327.620303
        z[6]    1.009000000  0.094487713 0.00298796384 0.0090000000  110.221332
      z[194]    1.932000000  0.251871871 0.00796488791 0.0346666667   52.787995
      z[106]    1.024000000  0.153125594 0.00484225644 0.0135973854  126.819127
       z[16]    1.006000000  0.077265581 0.00244335220 0.0060000000  165.832499
        z[8]    1.000000000  0.000000000 0.00000000000 0.0000000000 1000.000000
      z[236]    1.094000000  0.291974741 0.00923305200 0.0776487819   14.139084
      z[188]    1.847000000  0.360167629 0.01138950046 0.0576011188   39.097367
      z[185]    1.679000000  0.467094399 0.01477082182 0.0756813495   38.091808
      z[193]    1.862000000  0.345072565 0.01091215263 0.0411717271   70.246177
      z[148]    1.105000000  0.306706813 0.00969892103 0.0456131073   45.213438
      z[167]    1.027000000  0.162164414 0.00512808905 0.0270000000   36.073110
      z[206]    1.165000000  0.371366279 0.01174363287 0.0317717555  136.622588
       z[56]    1.021000000  0.143455845 0.00453647215 0.0210000000   46.665713
       z[82]    1.018000000  0.133017644 0.00420638725 0.0180000000   54.610166
theta[17][1]    0.877157038  0.144275618 0.00456239564 0.0221127031   42.569860
theta[17][2]    0.122842962  0.144275618 0.00456239564 0.0221127031   42.569860
      z[123]    1.862000000  0.345072565 0.01091215263 0.0739489313   21.774945
       z[73]    1.935000000  0.246649216 0.00779973306 0.0524563310   22.108723
       z[35]    1.925000000  0.263523138 0.00833333333 0.0628092350   17.603154
      z[122]    1.828000000  0.377569277 0.01193978888 0.0844301157   19.998551
 theta[5][1]    0.931974730  0.125889243 0.00398096742 0.0253985968   24.567321
 theta[5][2]    0.068025270  0.125889243 0.00398096742 0.0253985968   24.567321
     elapsed    0.896499646  0.197242274 0.00623734836 0.0471453427   17.503400
       z[97]    1.905000000  0.293361656 0.00927691010 0.0518812747   31.973150
      z[164]    1.909000000  0.287753022 0.00909954954 0.0559851171   26.417676
       z[36]    1.898000000  0.302799748 0.00957536880 0.0608604962   24.753695
      z[121]    1.823000000  0.381859682 0.01207546342 0.0917611634   17.317683
      z[163]    1.642000000  0.479652026 0.01516792887 0.0572479985   70.199166
       z[70]    1.969000000  0.173404351 0.00548352706 0.0310000000   31.289354
       z[89]    1.023000000  0.149978310 0.00474273059 0.0230000000   42.520782
       z[74]    1.920000000  0.271428948 0.00858333698 0.0642218378   17.862690
 theta[1][1]    0.958266023  0.058940770 0.00186387081 0.0035516299  275.407782
 theta[1][2]    0.041733977  0.058940770 0.00186387081 0.0035516299  275.407782
      z[190]    1.874000000  0.332015413 0.01049924922 0.0486757982   46.525422
       z[94]    1.940000000  0.237605674 0.00751375116 0.0451171315   27.735159
       z[81]    1.005000000  0.070568973 0.00223158687 0.0050000000  199.199199
       z[93]    1.935000000  0.246649216 0.00779973306 0.0477784238   26.649916
      z[209]    1.163000000  0.369550494 0.01168621271 0.0373288688   98.007185
theta[16][1]    0.270976450  0.215445842 0.00681299572 0.0455621560   22.359789
theta[16][2]    0.729023550  0.215445842 0.00681299572 0.0455621560   22.359789
      z[257]    1.001000000  0.031622777 0.00100000000 0.0010000000 1000.000000
      z[204]    1.153000000  0.360167629 0.01138950046 0.0354040173  103.491400
      z[139]    1.987000000  0.113330684 0.00358383089 0.0130000000   75.999076
       z[68]    1.762000000  0.426072221 0.01347358666 0.1148796472   13.755623
       z[40]    1.837000000  0.369550494 0.01168621271 0.0990403958   13.922680
       z[53]    1.015000000  0.121613280 0.00384574957 0.0150000000   65.732399
      z[157]    1.859000000  0.348195692 0.01101091460 0.0707491657   24.221673
       z[23]    1.942000000  0.233860409 0.00739531546 0.0580000000   16.257637
 theta[4][1]    0.397946085  0.141172186 0.00446425649 0.0185032594   58.210563
 theta[4][2]    0.602053915  0.141172186 0.00446425649 0.0185032594   58.210563
       z[62]    1.030000000  0.170672579 0.00539714083 0.0300000000   32.365699
      z[256]    1.000000000  0.000000000 0.00000000000 0.0000000000 1000.000000
      z[227]    1.815000000  0.388491861 0.01228519133 0.0566323425   47.058144
      z[192]    1.117000000  0.321581116 0.01016928780 0.0454129203   50.144374
 theta[3][1]    0.603947518  0.165915435 0.00524670672 0.0405376079   16.751640
 theta[3][2]    0.396052482  0.165915435 0.00524670672 0.0405376079   16.751640
       z[44]    1.789000000  0.408222544 0.01290913032 0.0797140724   26.225512
       z[33]    1.008000000  0.089128805 0.00281850030 0.0080000000  124.124124
      z[135]    1.980000000  0.140070053 0.00442940398 0.0200000000   49.049049
      z[222]    1.867000000  0.339744649 0.01074366913 0.0402506039   71.245994
      z[260]    1.037000000  0.188856206 0.00597215762 0.0085699734  485.627837
       z[15]    1.009000000  0.094487713 0.00298796384 0.0090000000  110.221332
      z[143]    1.939000000  0.239450071 0.00757207609 0.0351330803   46.451258
       z[29]    1.226000000  0.418448443 0.01323250162 0.1297107894   10.407147
      z[201]    1.907000000  0.290577761 0.00918887563 0.0488091521   35.442326
      z[170]    1.107000000  0.309267920 0.00977991036 0.0528950743   34.185291
      z[150]    1.020000000  0.140070053 0.00442940398 0.0200000000   49.049049
       z[79]    1.001000000  0.031622777 0.00100000000 0.0010000000 1000.000000
      z[103]    1.026000000  0.159214790 0.00503481374 0.0260000000   37.499037
      z[232]    1.394000000  0.488879334 0.01545972196 0.0626134526   60.963242
      z[147]    1.029000000  0.167890402 0.00530916069 0.0290000000   33.516275
      z[120]    1.928000000  0.258617252 0.00817819558 0.0385227206   45.069328
       z[67]    1.881000000  0.323950527 0.01024421515 0.0732491942   19.559227
       z[85]    1.011000000  0.104354635 0.00329998332 0.0110000000   89.999090
       z[21]    1.206000000  0.404632831 0.01279561361 0.1301554626    9.664902
      z[225]    1.077000000  0.266724844 0.00843458014 0.0292517806   83.142355
       z[99]    1.018000000  0.133017644 0.00420638725 0.0180000000   54.610166
      z[248]    1.769000000  0.421683313 0.01333479722 0.0353851821  142.013608
      z[238]    1.777000000  0.416466619 0.01316983084 0.0443984484   87.988276
      z[180]    1.020000000  0.140070053 0.00442940398 0.0200000000   49.049049
      z[161]    1.854000000  0.353282902 0.01117178629 0.0747767046   22.320946
      z[133]    1.166000000  0.372266816 0.01177211037 0.0834425950   19.903665
      z[213]    1.215000000  0.411027911 0.01299784382 0.0677290353   36.829248
theta[21][1]    0.828260393  0.157399689 0.00497741521 0.0131872848  142.461321
theta[21][2]    0.171739607  0.157399689 0.00497741521 0.0131872848  142.461321
      z[210]    1.018000000  0.133017644 0.00420638725 0.0120922381  121.005504
       z[80]    1.013000000  0.113330684 0.00358383089 0.0130000000   75.999076
      z[262]    1.001000000  0.031622777 0.00100000000 0.0010000000 1000.000000
      z[142]    1.833000000  0.373162498 0.01180043432 0.0917853777   16.529092
      z[226]    1.775000000  0.417791275 0.01321172016 0.0615404113   46.089070
      z[200]    1.820000000  0.384379692 0.01215515314 0.0617881686   38.699934
       z[75]    1.940000000  0.237605674 0.00751375116 0.0600000000   15.682349
       z[50]    1.111000000  0.314289322 0.00993870101 0.0892742342   12.393871
          lp -524.978720996 31.250276526 0.98822051334 7.8040028610   16.035145
      z[119]    1.998000000  0.044698971 0.00141350557 0.0020000000  499.499499
      z[195]    1.959000000  0.198389411 0.00627362402 0.0246508959   64.769652
      z[198]    1.939000000  0.239450071 0.00757207609 0.0429844933   31.031753
       z[26]    1.025000000  0.156203071 0.00493957482 0.0250000000   39.039039
       z[47]    1.869000000  0.337569182 0.01067487484 0.0498096376   45.930251
   phi[1][1]    0.307794996  0.041162066 0.00130165882 0.0053680781   58.797205
   phi[1][2]    0.253617757  0.049185290 0.00155537543 0.0095923502   26.291806
   phi[1][3]    0.286475965  0.039826351 0.00125941981 0.0051234112   60.425828
   phi[1][4]    0.082338115  0.056306519 0.00178056847 0.0132556793   18.043193
   phi[1][5]    0.069773168  0.029426004 0.00093053194 0.0063495206   21.477350
      z[171]    1.018000000  0.133017644 0.00420638725 0.0149666295   78.989704
theta[23][1]    0.435541015  0.222637088 0.00704040290 0.0244546546   82.884240
theta[23][2]    0.564458985  0.222637088 0.00704040290 0.0244546546   82.884240
theta[19][1]    0.288780661  0.243884292 0.00771229849 0.0341626492   50.964126
theta[19][2]    0.711219339  0.243884292 0.00771229849 0.0341626492   50.964126
      z[114]    1.017000000  0.129335717 0.00408995449 0.0170000000   57.881411
       z[72]    1.879000000  0.326290462 0.01031821038 0.0742735185   19.299265
      z[221]    1.807000000  0.394850487 0.01248626873 0.0496666667   63.202656
theta[12][1]    0.293316391  0.286563220 0.00906192469 0.0612475378   21.890901
theta[12][2]    0.706683609  0.286563220 0.00906192469 0.0612475378   21.890901
      z[156]    1.647000000  0.478141840 0.01512017261 0.1154993987   17.137760
      z[110]    1.003000000  0.054717401 0.00173031615 0.0030000000  332.665999
       z[90]    1.026000000  0.159214790 0.00503481374 0.0210396451   57.265096
      z[116]    1.995000000  0.070568973 0.00223158687 0.0050000000  199.199199
      z[240]    1.759000000  0.427904314 0.01353152253 0.0319182985  179.727224
       z[61]    1.020000000  0.140070053 0.00442940398 0.0200000000   49.049049
 theta[6][1]    0.171934849  0.200222724 0.00633159847 0.0422856063   22.420310
 theta[6][2]    0.828065151  0.200222724 0.00633159847 0.0422856063   22.420310
   phi[2][1]    0.012315996  0.026110353 0.00082568185 0.0070247203   13.815525
   phi[2][2]    0.017575234  0.046970306 0.00148533148 0.0118305943   15.762810
   phi[2][3]    0.251734586  0.055037015 0.00174042321 0.0071464885   59.309509
   phi[2][4]    0.409597507  0.069458499 0.00219647061 0.0167712547   17.152194
   phi[2][5]    0.308776678  0.054783036 0.00173239169 0.0109002897   25.258997
       z[20]    1.924000000  0.265130712 0.00838416927 0.0760000000   12.170065
      z[244]    1.449000000  0.497641082 0.01573679277 0.0512174016   94.405516
theta[20][1]    0.136405985  0.162247097 0.00513070371 0.0282242398   33.045275
theta[20][2]    0.863594015  0.162247097 0.00513070371 0.0282242398   33.045275
      z[251]    1.767000000  0.422953768 0.01337497252 0.0314483704  180.879565
      z[107]    1.011000000  0.104354635 0.00329998332 0.0110000000   89.999090
      z[229]    1.498000000  0.500246186 0.01581917337 0.0417612260  143.489820
       z[48]    1.904000000  0.294738648 0.00932045443 0.0565528268   27.162237
      z[145]    1.025000000  0.156203071 0.00493957482 0.0250000000   39.039039
      z[254]    1.000000000  0.000000000 0.00000000000 0.0000000000 1000.000000
      z[113]    1.028000000  0.165055273 0.00521950603 0.0280000000   34.749035
       z[24]    1.024000000  0.153125594 0.00484225644 0.0240000000   40.707374
       z[25]    1.214000000  0.410332027 0.01297583802 0.1296079559   10.023226
      z[104]    1.020000000  0.140070053 0.00442940398 0.0200000000   49.049049
      z[179]    1.017000000  0.129335717 0.00408995449 0.0170000000   57.881411
       z[30]    1.010000000  0.099548530 0.00314800094 0.0100000000   99.099099
      z[177]    1.112000000  0.315524255 0.00997775303 0.0520213631   36.787650
      z[105]    1.013000000  0.113330684 0.00358383089 0.0130000000   75.999076
       z[64]    1.955000000  0.207407854 0.00655881224 0.0450000000   21.243466
      z[125]    1.338000000  0.473265232 0.01496596071 0.0903179569   27.457500
      z[207]    1.155000000  0.362085772 0.01145015747 0.0448268273   65.244952
      z[215]    1.059000000  0.235742602 0.00745483565 0.0568125573   17.218189
       z[49]    1.852000000  0.355277669 0.01123486636 0.0713644792   24.784013
      z[141]    1.975000000  0.156203071 0.00493957482 0.0250000000   39.039039
      z[137]    1.982000000  0.133017644 0.00420638725 0.0180000000   54.610166
       z[87]    1.003000000  0.054717401 0.00173031615 0.0030000000  332.665999
      z[155]    1.118000000  0.322769547 0.01020686926 0.0642183774   25.261925
      z[216]    1.185000000  0.388491861 0.01228519133 0.0724070285   28.787397
      z[217]    1.080000000  0.271428948 0.00858333698 0.0542627353   25.021248
       z[27]    1.003000000  0.054717401 0.00173031615 0.0030000000  332.665999
      z[219]    1.045000000  0.207407854 0.00655881224 0.0450000000   21.243466
      z[101]    1.024000000  0.153125594 0.00484225644 0.0240000000   40.707374
 theta[8][1]    0.961329483  0.062851308 0.00198753289 0.0081128394   60.018189
 theta[8][2]    0.038670517  0.062851308 0.00198753289 0.0081128394   60.018189
theta[11][1]    0.087756683  0.121893396 0.00385460762 0.0153995568   62.653294
theta[11][2]    0.912243317  0.121893396 0.00385460762 0.0153995568   62.653294
      z[258]    1.000000000  0.000000000 0.00000000000 0.0000000000 1000.000000
       z[38]    1.207000000  0.405358256 0.01281855356 0.1227105900   10.912241
       z[10]    1.000000000  0.000000000 0.00000000000 0.0000000000 1000.000000
      z[183]    1.018000000  0.133017644 0.00420638725 0.0180000000   54.610166
      z[138]    1.979000000  0.143455845 0.00453647215 0.0210000000   46.665713

